zSpec
0.0985054
0.0834123
0.00590214
0.155819
0.188369
0.126931
0.110548
0.170102
0.0784798
0.114926
0.0963649
0.0810781
0.122235
0.0930609
0.0187552
0.148445
0.0472555
0.171658
0.0920643
0.0938634
0.063524
0.107335
0.152611
0.213807
0.0442353
0.0808722
0.0965443
0.0706735
0.0968479
0.0964209
0.187966
0.187752
0.0943939
0.205685
0.205365
0.169882
0.0965446
0.095342
0.0418036
0.164316
0.133584
0.137704
0.0889992
0.222378
0.0694937
0.146355
0.093198
0.0935563
0.0726942
0.0212645
0.144134
0.0954282
0.159702
0.0703885
0.0961048
0.0966794
0.107132
0.0470839
0.045836
0.0451211
0.0974467
0.0945174
0.121932
0.116188
0.115906
0.121394
0.0734178
0.139313
0.0964386
0.0965089
0.0966521
0.0894065
0.0644114
0.0257262
0.0223735
0.134802
0.126333
0.0774943
0.0990378
0.0928569
0.114148
0.087032
0.119801
0.0864059
0.0822081
0.101635
0.113596
0.0596326
0.134285
0.179311
0.116815
0.185013
0.140831
0.13769
0.118416
0.109269
0.194426
0.0716174
0.0640115
0.0650142
0.137551
0.0659975
0.137529
0.123752
0.0908572
0.108293
0.0812497
0.117646
0.0796632
0.0720288
0.0972436
0.0815099
0.146137
0.0841485
0.0624663
0.0838904
0.127254
0.101957
0.0951611
0.127404
0.219475
0.20491
0.126465
0.0675209
0.086748
0.0728487
0.0998551
0.108717
0.122708
0.205215
0.152974
0.109571
0.0563279
0.150451
0.103396
0.083897
0.187622
0.181484
0.0594994
0.0823492
0.0818823
0.0803223
0.0901027
0.0242097
0.0227175
0.0632677
0.0215139
0.135345
0.130109
0.130481
0.127547
0.0822205
0.0758214
0.155089
0.165438
0.0858867
0.0946814
0.150774
0.114659
0.219676
0.0915018
0.0712568
0.11453
0.159117
0.0700708
0.118314
0.0771418
0.109753
0.104073
0.0808977
0.122772
0.148796
0.135505
0.145172
0.125877
0.067676
0.169629
0.0856171
0.160872
0.158389
0.0886119
0.161511
0.134773
0.0731356
0.1357
0.103487
0.0627858
0.0973386
0.0723956
0.0971824
0.132743
0.0932321
0.0806289
0.0810425
0.210597
0.152016
0.0857047
0.0877169
0.122511
0.0559207
0.119693
0.124983
0.116788
0.082811
0.159336
0.0824446
0.284355
0.144401
0.0895692
0.226038
0.0324968
0.113079
0.140277
0.139974
0.123411
0.147208
0.0949529
0.0911128
0.114933
0.0928995
0.132208
0.0740996
0.127535
0.0466875
0.0532642
0.0816568
0.0425053
0.172444
0.0928795
0.104543
0.130009
0.129586
0.0754636
0.0610954
0.0820543
0.160895
0.128881
0.225373
0.0493353
0.106904
0.12724
0.07729
0.174293
0.0528401
0.128883
0.190319
0.137013
0.115827
0.20236
0.0813848
0.0967683
0.0933694
0.122269
0.145506
0.0435102
0.0804975
0.135743
0.193397
0.0485079
0.0554565
0.101743
0.0912973
0.0825378
0.108897
0.177795
0.108523
0.165837
0.172021
0.128513
0.118118
0.0634492
0.0808839
0.0834608
0.109384
0.0258029
0.0637577
0.0804768
0.0232328
0.131484
0.18166
0.170903
0.199748
0.124261
0.151432
0.0838951
0.1632
0.0930088
0.123141
0.0929766
0.139584
0.0617412
0.0625494
0.164218
0.0462867
0.0965902
0.175034
0.062104
0.11122
0.0598609
0.0701635
0.0436397
0.0633104
0.113811
0.0982001
0.0807616
0.103207
0.175933
0.15025
0.157617
0.197331
0.0627334
0.0832002
0.0977063
0.119766
0.123444
0.100775
0.0809485
0.175751
0.0807743
0.0989464
0.0761376
0.0813929
0.0912671
0.0879903
0.149555
0.123001
0.203395
0.0599581
0.163363
0.146501
0.125532
0.121923
0.086264
0.184753
0.0869433
0.149717
0.0768549
0.0537098
0.121509
0.137432
0.0310613
0.0732867
0.0831354
0.0780005
0.0923469
0.0865197
0.0370025
0.102058
0.139715
0.125156
0.0838505
0.139083
0.105178
0.0409634
0.116961
0.0904834
0.0517789
0.051232
0.0952014
0.0825167
0.0477848
0.0342656
0.146499
0.130009
0.113181
0.105546
0.0732264
0.143274
0.0566752
0.0559425
0.150077
0.0734986
0.123037
0.0523346
0.0936168
0.0312825
0.0795936
0.0618351
0.0917711
0.14718
0.0865867
0.154563
0.104684
0.185609
0.0434131
0.123185
0.0839565
0.082185
0.0865806
0.0466928
0.0838849
0.134745
0.0815371
0.0997503
0.0829013
0.143339
0.0853082
0.0829491
0.0875467
0.0806377
0.083713
0.194191
0.0704037
0.130774
0.088879
0.081196
0.129998
0.082514
0.116128
0.138159
0.187072
0.122138
0.083046
0.0813606
0.119379
0.0891092
0.110023
0.17454
0.173064
0.0820555
0.108948
0.146425
0.045462
0.0956346
0.102911
0.105397
0.0775943
0.0620714
0.102435
0.063086
0.0694206
0.0596066
0.123737
0.0820996
0.0308796
0.126566
0.0626085
0.23442
0.113338
0.104217
0.0348934
0.0790586
0.0664329
0.0200432
0.12854
0.0801763
0.0282053
0.0269441
0.126728
0.126727
0.0795421
0.12136
0.183358
0.124512
0.0644289
0.0234205
0.117695
0.174557
0.0975493
0.122431
0.134
0.105577
0.106821
0.114745
0.0928707
0.113984
0.129583
0.0809607
0.0309909
0.126239
0.0785374
0.0531534
0.0824873
0.0815515
0.0780156
0.0800433
0.028786
0.105305
0.0804215
0.0790271
0.104784
0.0284274
0.0843367
0.0671336
0.0717247
0.0294987
0.0954932
0.0884531
0.0818736
0.104094
0.129967
0.0801304
0.136771
0.0806416
0.13792
0.0757921
0.107967
0.030499
0.0768355
0.0871135
0.0896963
0.103038
0.114413
0.0683007
0.0700747
0.0813716
0.078452
0.169292
0.199722
0.171641
0.14437
0.106605
0.0874251
0.0592643
0.130899
0.0455306
0.126309
0.0830628
0.0595018
0.173329
0.188379
0.108171
0.0687319
0.0918914
0.127411
0.094607
0.0772656
0.161242
0.0709271
0.0624434
0.0983466
0.0986526
0.0259516
0.054253
0.134916
0.0832479
0.143021
0.171207
0.188189
0.111669
0.198182
0.073861
0.162797
0.143287
0.0805099
0.0894533
0.0879145
0.0818643
0.203616
0.216719
0.0733825
0.0942315
0.194619
0.0424131
0.145612
0.0960553
0.131504
0.146137
0.16554
0.151217
0.0572297
0.0897637
0.0585566
0.132736
0.109485
0.0276854
0.173594
0.162203
0.0425477
0.173048
0.073905
0.0972461
0.168512
0.149349
0.0589783
0.0590518
0.0722873
0.063556
0.0452314
0.0680204
0.132956
0.0447795
0.0690756
0.110556
0.134824
0.0530364
0.0605022
0.134004
0.0585107
0.110356
0.143873
0.0436083
0.171446
0.137548
0.0693055
0.207506
0.0835598
0.0398314
0.0925942
0.0403375
0.0919901
0.162093
0.107831
0.0297039
0.0927744
0.106318
0.0667943
0.0955654
0.234283
0.204155
0.103681
0.15883
0.216728
0.13504
0.0952742
0.0560399
0.0897361
0.00439188
0.151591
0.08007
0.0196972
0.0374849
0.110272
0.0826195
0.0942436
0.0823291
0.0450291
0.0496485
0.0418524
0.124386
0.13146
0.0794145
0.0714341
0.0540755
0.0841603
0.0531693
0.110814
0.0644265
0.0953619
0.0285243
0.146922
0.179448
0.0419941
0.0670476
0.046968
0.144795
0.0440785
0.11502
0.129628
0.0593377
0.12706
0.246368
0.106068
0.0552119
0.0306374
0.0963923
0.101177
0.0698734
0.197218
0.189473
0.128032
0.133636
0.139365
0.194106
0.1068
0.175996
0.0440933
0.0409977
0.0554566
0.162811
0.0426609
0.0857265
0.0391395
0.143632
0.0396537
0.0730792
0.118295
0.0659124
0.0920546
0.0179609
0.155642
0.0402018
0.136637
0.100354
0.0668221
0.043357
0.203719
0.119129
0.119417
0.153112
0.0576732
0.0580012
0.111723
0.19283
0.0493283
0.0543889
0.0585912
0.155682
0.101995
0.122677
0.112708
0.153155
0.0594072
0.0794838
0.113408
0.102709
0.179017
0.0718293
0.115881
0.0844241
0.0629053
0.0906439
0.0467412
0.0430584
0.080097
0.0669999
0.0820796
0.122327
0.0764038
0.040636
0.170562
0.061997
0.105115
0.150049
0.187757
0.0762879
0.169866
0.031778
0.186806
0.0819157
0.153815
0.0798818
0.0179009
0.0975763
0.130853
0.0427727
0.199921
0.0428352
0.101473
0.0825476
0.121035
0.0803311
0.130545
0.203763
0.133122
0.136863
0.137313
0.131746
0.127552
0.0948409
0.070396
0.114434
0.0266913
0.115757
0.0167421
0.0947958
0.0654293
0.0579394
0.0616152
0.0686726
0.123069
0.0555375
0.105872
0.0574154
0.120706
0.16068
0.158191
0.040382
0.0422732
0.11952
0.118421
0.0775774
0.195214
0.0331313
0.137475
0.0805685
0.203177
0.060796
0.0734277
0.105662
0.150959
0.0304844
0.0548496
0.155141
0.0766016
0.0438846
0.164313
0.0992123
0.140733
0.0494852
0.172772
0.0705498
0.0558542
0.0699178
0.0498619
0.156943
0.0611839
0.13007
0.137708
0.0775878
0.188281
0.135521
0.111983
0.0594032
0.128208
0.0525691
0.0638996
0.191016
0.0954966
0.126739
0.155791
0.0764433
0.0611223
0.12248
0.146763
0.0535777
0.175666
0.186048
0.125209
0.213587
0.0885801
0.061916
0.110651
0.231758
0.0578433
0.142797
0.126976
0.0739175
0.0411608
0.132336
0.0669404
0.0748307
0.0512301
0.0970699
0.0747041
0.0606705
0.130252
0.079412
0.0607595
0.131063
0.126198
0.126187
0.125007
0.126172
0.0945814
0.0568002
0.0725104
0.0415549
0.111049
0.0428393
0.121144
0.116122
0.0497898
0.0522357
0.0523819
0.0530421
0.0688329
0.0618112
0.195796
0.105521
0.0726389
0.217795
0.153015
0.0970653
0.137672
0.187067
0.138737
0.124744
0.0994464
0.0967413
0.0319986
0.093392
0.070446
0.0538155
0.100384
0.0520859
0.0953029
0.0868471
0.0232599
0.114544
0.161162
0.12619
0.111523
0.0542338
0.0527571
0.150184
0.139809
0.0853804
0.148971
0.12759
0.133043
0.131144
0.0515135
0.132768
0.1054
0.119396
0.098911
0.161592
0.0414446
0.0967843
0.0864352
0.0907893
0.067105
0.0609508
0.18634
0.129413
0.0385065
0.131953
0.0670611
0.101957
0.0204803
0.135095
0.0850773
0.0425918
0.207722
0.131944
0.0330276
0.200472
0.145754
0.110101
0.0904881
0.0771409
0.104782
0.198811
0.167449
0.0431829
0.129877
0.182381
0.0439043
0.0879663
0.165411
0.124383
0.152871
0.135229
0.0580407
0.0432043
0.0654454
0.19113
0.130618
0.100751
0.138955
0.10836
0.0960001
0.0672522
0.139077
0.0872769
0.193483
0.111489
0.0656011
0.191895
0.120773
0.107262
0.107835
0.178093
0.145817
0.165827
0.0900098
0.0693649
0.126534
0.0830945
0.192514
0.146941
0.0973672
0.143396
0.122606
0.0845626
0.099306
0.129417
0.132322
0.160444
0.125815
0.0593674
0.0163767
0.0534831
0.084085
0.226817
0.177486
0.109572
0.118174
0.113527
0.0460785
0.106124
0.161506
0.127295
0.0952816
0.0989167
0.115247
0.0820806
0.0569481
0.0441104
0.113984
0.0953417
0.11605
0.120021
0.123505
0.0831176
0.182404
0.0307539
0.0915455
0.044266
0.113358
0.109425
0.0795943
0.0309306
0.171178
0.0431616
0.0832518
0.125499
0.0401431
0.164298
0.0494358
0.0466759
0.138876
0.0608077
0.181025
0.0987055
0.159989
0.163248
0.129338
0.140283
0.0303498
0.0447076
0.0302417
0.0469304
0.0866065
0.106529
0.0718862
0.0931939
0.0545728
0.200484
0.0740383
0.0723238
0.0694757
0.0562135
0.0571565
0.062087
0.0878465
0.113675
0.199116
0.0630912
0.187556
0.0575562
0.1523
0.150036
0.115893
0.0398723
0.0234797
0.149921
0.139221
0.0699137
0.116299
0.164645
0.071642
0.234998
0.0286867
0.0855361
0.133193
0.139702
0.148052
0.104138
0.102742
0.0842414
0.185203
0.070519
0.102175
0.157821
0.111878
0.0321249
0.132496
0.0748184
0.077676
0.0718231
0.051773
0.0948732
0.0937148
0.1612
0.0711682
0.18902
0.123988
0.160371
0.124702
0.117701
0.200421
0.131655
0.118605
0.054726
0.13166
0.174213
0.126189
0.0519076
0.0635367
0.0825997
0.172658
0.186277
0.207002
0.12755
0.0520156
0.0488956
0.116908
0.0993876
0.176581
0.0734547
0.0570807
0.0466023
0.04588
0.120151
0.0740762
0.0966819
0.170475
0.11239
0.0479403
0.114288
0.0935298
0.165856
0.0974597
0.0402306
0.13202
0.125727
0.0706894
0.0942427
0.118692
0.0569576
0.053585
0.0703837
0.211743
0.0576482
0.172464
0.110081
0.134713
0.0992573
0.0361513
0.136223
0.0978636
0.0570795
0.0823266
0.0971106
0.155685
0.124804
0.269814
0.124485
0.167833
0.0920036
0.0955551
0.198848
0.0366964
0.0871398
0.105549
0.0654784
0.067373
0.0361618
0.0326767
0.152033
0.103092
0.0982976
0.11603
0.0609504
0.0414088
0.135133
0.0970207
0.115854
0.104619
0.0766856
0.109461
0.174682
0.13183
0.170068
0.133268
0.0566151
0.141359
0.10798
0.116807
0.136101
0.0932678
0.0660207
0.149312
0.18419
0.11291
0.142552
0.103963
0.130889
0.0983905
0.121054
0.0375196
0.117915
0.0232781
0.163128
0.189451
0.0746202
0.0740334
0.136027
0.112282
0.114887
0.0852805
0.0361727
0.121891
0.129601
0.118323
0.0810924
0.0677103
0.136
0.12768
0.172399
0.0933773
0.041308
0.095207
0.0972402
0.134956
0.111563
0.122975
0.127593
0.0307769
0.118249
0.11369
0.086103
0.183621
0.137038
0.111613
0.121227
0.127722
0.0424997
0.0605448
0.212979
0.162454
0.0673745
0.108568
0.14954
0.143188
0.119413
0.118342
0.0391704
0.197244
0.132319
0.135757
0.0848965
0.0994326
0.0865567
0.186485
0.136988
0.200939
0.0572114
0.100729
0.0538833
0.0993171
0.0960178
0.130939
0.0855245
0.14103
0.149815
0.0323412
0.0455115
0.121661
0.215222
0.137379
0.127095
0.096989
0.124059
0.0856321
0.0972641
0.121296
0.116019
0.0376631
0.0889454
0.0523604
0.122258
0.0876295
0.151068
0.155088
0.0909519
0.0544164
0.121072
0.178388
0.102082
0.0730389
0.0494403
0.0204706
0.0564671
0.0323526
0.177752
0.143443
0.0882658
0.0589099
0.0797601
0.0598108
0.118921
0.0172394
0.0363281
0.0646684
0.0174074
0.123458
0.0239751
0.119404
0.0934764
0.0310458
0.185939
0.0443617
0.0979045
0.107025
0.107118
0.216535
0.114913
0.122797
0.076086
0.120705
0.123337
0.0963745
0.0973608
0.156232
0.0733895
0.197163
0.118603
0.0544616
0.229567
0.0621505
0.157676
0.122091
0.158482
0.0474505
0.0773809
0.14491
0.0925636
0.177754
0.083589
0.111148
0.05429
0.146971
0.143273
0.0817346
0.133726
0.0568304
0.111859
0.113366
0.0224473
0.0775662
0.108124
0.117578
0.158303
0.13596
0.111198
0.0818281
0.114737
0.0197061
0.162566
0.142248
0.034163
0.0800762
0.0905778
0.109785
0.0718483
0.0718042
0.0870325
0.196494
0.0973319
0.130336
0.141512
0.0773879
0.112785
0.0872241
0.0905365
0.089522
0.1799
0.0276847
0.14014
0.0907738
0.0828485
0.0800311
0.0978993
0.136602
0.084032
0.181614
0.117263
0.074532
0.0999543
0.217129
0.13584
0.0994494
0.103229
0.0910503
0.0751771
0.106778
0.0849047
0.080197
0.17673
0.12567
0.0395613
0.14295
0.098409
0.101947
0.0197967
0.162966
0.0990079
0.0816069
0.185089
0.0663873
0.047219
0.126952
0.0396888
0.175204
0.151273
0.0820793
0.124301
0.047525
0.129558
0.135979
0.112263
0.113939
0.0249778
0.236209
0.0643496
0.0800581
0.0698377
0.10155
0.0958738
0.132826
0.096537
0.0756184
0.0840793
0.0796169
0.090844
0.105813
0.0257115
0.0342751
0.247328
0.0462173
0.112764
0.141617
0.0767584
0.043943
0.0929127
0.0793035
0.193246
0.196332
0.0186091
0.112995
0.0669757
0.178849
0.214026
0.115688
0.0779177
0.073876
0.140415
0.050178
0.0814549
0.0776384
0.132544
0.145407
0.209461
0.0733545
0.133994
0.114081
0.115345
0.0239122
0.0693042
0.106639
0.122928
0.0419098
0.104439
0.183771
0.0835978
0.0953044
0.221165
0.0372682
0.0994679
0.0854626
0.0748312
0.141078
0.075782
0.13382
0.102889
0.0743764
0.149338
0.05989
0.085357
0.103331
0.0171365
0.0776913
0.160817
0.138578
0.0488295
0.107164
0.126998
0.0747565
0.170418
0.14747
0.127888
0.1057
0.145836
0.0347468
0.0613004
0.0403356
0.115534
0.128053
0.10362
0.117461
0.102054
0.137581
0.132005
0.118673
0.174339
0.121597
0.191007
0.191602
0.0307173
0.16701
0.0930336
0.133242
0.171427
0.0546919
0.116334
0.168917
0.280036
0.0338519
0.141689
0.137739
0.137109
0.179188
0.130966
0.221982
0.0808374
0.137611
0.133859
0.0294239
0.0826557
0.135172
0.0801943
0.0420829
0.11686
0.0846026
0.0842651
0.0495788
0.0496928
0.0955506
0.159105
0.14496
0.186985
0.134793
0.167251
0.0549879
0.0863424
0.0869567
0.120925
0.130995
0.0802341
0.0394171
0.160187
0.241903
0.165033
0.122356
0.0520691
0.124734
0.0859196
0.171095
0.090659
0.0424987
0.135734
0.171587
0.131539
0.273002
0.0345454
0.125771
0.0756651
0.0870593
0.134738
0.099042
0.0642417
0.206426
0.15562
0.125761
0.0529166
0.0768592
0.0992123
0.0992943
0.0534677
0.0789657
0.0570645
0.140972
0.146425
0.0565823
0.0370972
0.193374
0.0645796
0.125611
0.0496121
0.140323
0.0402252
0.0922337
0.147652
0.228679
0.189202
0.113031
0.136004
0.104596
0.187783
0.18891
0.0575752
0.134645
0.0815729
0.120333
0.0976076
0.199748
0.129542
0.124395
0.181919
0.0851612
0.0849514
0.0410053
0.139824
0.126983
0.0629416
0.116919
0.154345
0.133769
0.14045
0.148913
0.0509524
0.0452781
0.0284466
0.0981635
0.118895
0.0766301
0.210421
0.0785262
0.115456
0.106337
0.0530082
0.100005
0.118267
0.236621
0.0435764
0.0935765
0.0408464
0.117716
0.115689
0.142219
0.0629172
0.194164
0.13376
0.1149
0.115068
0.0944877
0.0975839
0.0658614
0.0569718
0.124521
0.146116
0.0112607
0.0800881
0.240034
0.0889906
0.0726638
0.169116
0.138511
0.196
0.11591
0.189536
0.195298
0.129876
0.0834932
0.0505467
0.133932
0.101879
0.134924
0.123515
0.121915
0.0725965
0.0609377
0.0779484
0.031292
0.0451688
0.0506114
0.155833
0.187976
0.168268
0.043598
0.0370319
0.037505
0.066874
0.127308
0.0356458
0.0531165
0.0244263
0.111856
0.116898
0.144686
0.134637
0.17608
0.107774
0.0738253
0.144139
0.163148
0.122334
0.123888
0.18948
0.132842
0.151428
0.0576725
0.0459344
0.100828
0.112012
0.0814523
0.0298604
0.064746
0.0856455
0.0300998
0.121234
0.130707
0.159638
0.125626
0.0760698
0.157644
0.107251
0.0893794
0.0634238
0.0893196
0.180631
0.136104
0.157591
0.0316907
0.223378
0.0955839
0.0876379
0.094919
0.152883
0.241489
0.08213
0.16837
0.0479596
0.0941685
0.104253
0.157329
0.0716483
0.112217
0.09718
0.0365456
0.0788428
0.0891028
0.0988809
0.114439
0.0465171
0.126276
0.0284101
0.0728056
0.0628408
0.0596581
0.0678631
0.189611
0.0546338
0.151786
0.0910783
0.12311
0.14518
0.105692
0.00396209
0.0325283
0.0727233
0.15155
0.128648
0.184165
0.0220283
0.0513121
0.133045
0.0878064
0.199415
0.138647
0.106418
0.118362
0.163511
0.0484631
0.117459
0.111163
0.188724
0.153558
0.071655
0.126589
0.150485
0.11032
0.0270674
0.10541
0.145695
0.14296
0.0510138
0.0912098
0.0906409
0.0901468
0.120322
0.166691
0.19281
0.149641
0.175302
0.134921
0.0875958
0.0824468
0.0460336
0.0981912
0.0682485
0.0893443
0.126657
0.12065
0.0743595
0.115583
0.0984356
0.0814138
0.151556
0.0357054
0.158757
0.148714
0.0281655
0.0286243
0.0661354
0.163464
0.0460696
0.181562
0.163361
0.022953
0.0356116
0.0875642
0.0418006
0.13517
0.0921779
0.113424
0.15182
0.0883397
0.224415
0.157613
0.102707
0.126699
0.0541357
0.0554015
0.144474
0.125102
0.156978
0.0363589
0.0561519
0.084368
0.132192
0.055787
0.037191
0.0336223
0.086651
0.0570817
0.046215
0.0710275
0.0930219
0.129969
0.122584
0.148906
0.0799051
0.0839787
0.0516413
0.0747224
0.21289
0.007208
0.156151
0.126998
0.0737683
0.0568905
0.0715799
0.190542
0.147803
0.119977
0.136503
0.175933
0.0865718
0.0890673
0.129454
0.214538
0.108845
0.0838668
0.159952
0.0647815
0.0575103
0.159029
0.0694486
0.125769
0.0526846
0.184334
0.0667032
0.0834784
0.07829
0.0926228
0.0477702
0.154423
0.106979
0.0852539
0.045782
0.0760168
0.0220524
0.057735
0.142786
0.103017
0.0896809
0.0737833
0.130771
0.156661
0.100156
0.195539
0.102583
0.181091
0.0630496
0.139659
0.133169
0.0700148
0.0571717
0.0671948
0.082888
0.067064
0.193709
0.0682295
0.191199
0.1584
0.120083
0.0748599
0.151686
0.0456952
0.0732297
0.09299
0.0637955
0.0629598
0.120581
0.191085
0.136914
0.0519854
0.107547
0.127904
0.162082
0.0802575
0.129529
0.103765
0.220128
0.075929
0.097698
0.143694
0.103881
0.0413048
0.142885
0.192968
0.111453
0.0841057
0.110778
0.197018
0.19366
0.116081
0.0908587
0.0653203
0.0425939
0.0751075
0.104797
0.144805
0.0370079
0.0230991
0.111979
0.165649
0.101551
0.079754
0.157139
0.195851
0.140305
0.0962875
0.103739
0.11216
0.0394213
0.0761702
0.109163
0.139402
0.0745306
0.152336
0.0409558
0.137989
0.178842
0.112073
0.159786
0.04813
0.141632
0.213346
0.0294834
0.0377193
0.104975
0.243938
0.113794
0.123964
0.164614
0.0125804
0.0982991
0.0397647
0.106663
0.0818837
0.0640577
0.102658
0.162126
0.162056
0.20463
0.127422
0.0502205
0.139368
0.154054
0.205205
0.10184
0.0905659
0.100142
0.0949512
0.0971992
0.11749
0.116896
0.146898
0.210924
0.0877846
0.0393608
0.0821034
0.0971792
0.143053
0.0367043
0.108876
0.0405146
0.097806
0.0584186
0.140167
0.036799
0.0499098
0.105648
0.109783
0.155051
0.106979
0.0999422
0.113463
0.0451477
0.10729
0.145703
0.0430891
0.183354
0.0653876
0.0644944
0.148368
0.220034
0.0731438
0.0668972
0.179924
0.116998
0.133365
0.154973
0.187497
0.0735389
0.104766
0.133929
0.0651833
0.0742571
0.0703748
0.145036
0.144254
0.19301
0.146624
0.110334
0.143457
0.0248209
0.0671065
0.142067
0.183698
0.221065
0.10371
0.0813484
0.0693088
0.123169
0.134595
0.0758545
0.0711616
0.104406
0.0493629
0.0403957
0.108635
0.0828965
0.104169
0.142867
0.131828
0.127313
0.105939
0.205143
0.127789
0.0430335
0.0678187
0.108714
0.235406
0.104898
0.0650724
0.0896133
0.0622635
0.0636242
0.0474472
0.0306573
0.0305169
0.147245
0.137449
0.13461
0.140419
0.167796
0.150689
0.05299
0.190653
0.223998
0.0725067
0.0945639
0.160441
0.191904
0.0284448
0.0856567
0.0606758
0.117803
0.115172
0.103768
0.147326
0.155245
0.149847
0.0971977
0.133616
0.12472
0.117955
0.115884
0.0738197
0.121734
0.138531
0.199674
0.0363964
0.0658997
0.0285984
0.131128
0.169549
0.162511
0.154571
0.100321
0.172971
0.0265773
0.0450353
0.160232
0.0832745
0.0853762
0.132469
0.118743
0.0911853
0.0628984
0.107173
0.166906
0.0582434
0.193901
0.0613713
0.12135
0.204261
0.075988
0.0328506
0.115208
0.0814982
0.138263
0.0849295
0.164825
0.126218
0.115552
0.169788
0.165068
0.152708
0.0973857
0.153057
0.0728796
0.0697472
0.187792
0.0655584
0.110277
0.117396
0.0778326
0.129816
0.15484
0.156266
0.0860352
0.0609904
0.115073
0.115351
0.050873
0.133952
0.0947223
0.172583
0.121256
0.134768
0.0842512
0.155029
0.0888019
0.120441
0.0650604
0.129394
0.202016
0.0753367
0.0776072
0.240275
0.0980759
0.0655917
0.120862
0.0871449
0.151804
0.181825
0.0991251
0.174822
0.14384
0.0692952
0.0740213
0.091052
0.149732
0.218083
0.125954
0.187427
0.0593069
0.0598234
0.108914
0.0473761
0.126853
0.0511939
0.0659855
0.107932
0.0332474
0.21614
0.138311
0.0625294
0.148279
0.0829145
0.131445
0.132385
0.17268
0.0298738
0.151897
0.0596769
0.116442
0.0968417
0.118916
0.0585655
0.149047
0.119277
0.141269
0.081435
0.120091
0.102494
0.128642
0.115183
0.0713378
0.117469
0.0952662
0.0624622
0.138339
0.0584278
0.154515
0.174724
0.0586525
0.184773
0.102382
0.0837459
0.123454
0.109921
0.147702
0.141722
0.148361
0.16267
0.107488
0.149534
0.133493
0.031642
0.138136
0.0565063
0.0348041
0.0587168
0.0348614
0.0781923
0.150592
0.115492
0.184764
0.10196
0.224729
0.147639
0.0475233
0.224063
0.134229
0.0930914
0.104353
0.151709
0.10189
0.122676
0.177421
0.0464523
0.0987556
0.0825439
0.052958
0.14488
0.157408
0.383089
0.0418906
0.0641568
0.115438
0.0673428
0.0828402
0.0934086
0.0857443
0.0839401
0.125864
0.0653508
0.0373293
0.0870601
0.0176361
0.057173
0.140939
0.13598
0.0646215
0.0608847
0.0816286
0.0846529
0.114691
0.141751
0.103464
0.0802596
0.108041
0.0853225
0.140992
0.0722936
0.127233
0.12399
0.208497
0.0560218
0.15095
0.107811
0.105554
0.105512
0.11404
0.193393
0.0521032
0.0985318
0.141147
0.0688663
0.189213
0.131441
0.141504
0.058739
0.0528683
0.0561467
0.0747176
0.0555268
0.172057
0.0735131
0.132091
0.14272
0.13205
0.159413
0.122032
0.166887
0.11199
0.0223092
0.0480429
0.0760355
0.0840221
0.119751
0.142741
0.0958818
0.187581
0.0752276
0.192726
0.048872
0.0770958
0.0767563
0.288723
0.0461689
0.133477
0.109146
0.202807
0.103769
0.117871
0.0256317
0.0923263
0.0713016
0.0763101
0.0896939
0.157237
0.0559256
0.137761
0.188856
0.126473
0.186996
0.162602
0.143136
0.0521921
0.118423
0.0744489
0.112576
0.135487
0.123657
0.106818
0.143769
0.109513
0.0841917
0.158474
0.116914
0.123916
0.124771
0.164977
0.186895
0.101385
0.0774359
0.0887865
0.0535961
0.0739207
0.1506
0.0178558
0.120389
0.0841191
0.129149
0.14809
0.0773252
0.209037
0.0552743
0.0475391
0.0501575
0.125769
0.20042
0.141591
0.104806
0.168268
0.0542836
0.0739494
0.145596
0.0751007
0.114721
0.110363
0.125704
0.16088
0.122079
0.0384545
0.0391741
0.122366
0.0544835
0.115486
0.051914
0.148137
0.155209
0.185464
0.118697
0.0941693
0.147445
0.109755
0.112963
0.108178
0.131165
0.188047
0.0871193
0.114666
0.097847
0.142331
0.10978
0.0906146
0.125664
0.0845318
0.0846516
0.157939
0.139428
0.115001
0.0573344
0.0842619
0.0706437
0.0574233
0.15634
0.115158
0.14896
0.0928533
0.0617186
0.105484
0.132423
0.0620686
0.122362
0.148306
0.113361
0.137301
0.0791887
0.0824379
0.0798383
0.0833488
0.0627095
0.0770817
0.0955516
0.0603529
0.135899
0.104288
0.15815
0.166706
0.0830472
0.0625289
0.127056
0.148996
0.131047
0.120632
0.101055
0.130796
0.0895969
0.126428
0.156935
0.0402802
0.148331
0.128733
0.0315903
0.194635
0.0875581
0.0640112
0.190009
0.0904348
0.0277157
0.108956
0.160894
0.0997033
0.195226
0.0698281
0.0942507
0.124101
0.0930944
0.109937
0.112686
0.0675425
0.0426583
0.0410632
0.196268
0.185098
0.183171
0.106994
0.0454812
0.152418
0.0944278
0.0880003
0.0915891
0.0963079
0.129199
0.150174
0.0869741
0.129914
0.131838
0.127531
0.0319849
0.120165
0.094371
0.112873
0.141273
0.075193
0.125098
0.071251
0.0846231
0.0921902
0.107236
0.0120243
0.0892488
0.0849868
0.13024
0.0868084
0.0941299
0.0258958
0.0676386
0.146772
0.144846
0.154764
0.06371
0.194297
0.191121
0.200992
0.0813759
0.0802279
0.122184
0.0967572
0.143132
0.0553984
0.0802669
0.090596
0.193526
0.116598
0.0829556
0.0992065
0.092273
0.134931
0.212732
0.0822899
0.155006
0.117016
0.0912356
0.148855
0.208457
0.0697839
0.134649
0.0823018
0.135057
0.0449409
0.178546
0.191743
0.189112
0.0909551
0.186659
0.151564
0.0798645
0.148541
0.0595482
0.159248
0.166327
0.16546
0.14403
0.0670172
0.090402
0.102561
0.0863287
0.110193
0.157836
0.091261
0.0890436
0.0757759
0.117743
0.103832
0.111365
0.113417
0.0901105
0.040257
0.0949332
0.0814194
0.0471905
0.097402
0.0709331
0.0980448
0.0777761
0.0271785
0.118109
0.11049
0.154832
0.122063
0.0501279
0.0895414
0.194906
0.12953
0.024207
0.142107
0.132353
0.0832004
0.15054
0.0854904
0.148106
0.146391
0.104946
0.0914743
0.0851142
0.099915
0.0981821
0.165165
0.141692
0.0949397
0.0650576
0.058852
0.0917274
0.0837969
0.0675857
0.0807509
0.168954
0.0317153
0.122625
0.095632
0.116911
0.197395
0.121105
0.136224
0.0385595
0.174619
0.0278049
0.218672
0.142493
0.211692
0.11577
0.0678571
0.0158028
0.0448359
0.127804
0.0835047
0.0626462
0.197476
0.193482
0.191009
0.139138
0.0893681
0.0889406
0.204987
0.035643
0.0796372
0.0161052
0.150056
0.13919
0.217412
0.0236249
0.101396
0.132099
0.0598172
0.0955161
0.0394366
0.162461
0.0568872
0.128198
0.15332
0.133335
0.0665763
0.0915077
0.0497606
0.0827964
0.0830226
0.160167
0.0280547
0.125191
0.131285
0.228146
0.10963
0.058124
0.066407
0.101958
0.0860596
0.0557402
0.0269129
0.0805745
0.178403
0.123665
0.118564
0.034122
0.0333513
0.0761011
0.1137
0.111011
0.0395041
0.0474741
0.126197
0.130945
0.13052
0.0770684
0.0652992
0.128673
0.0417495
0.184103
0.185724
0.0676784
0.0461317
0.0807864
0.127811
0.19567
0.120315
0.159045
0.125218
0.104021
0.104272
0.132366
0.213493
0.186182
0.0721106
0.0818708
0.0686284
0.117722
0.20968
0.130747
0.0809116
0.138704
0.0454855
0.123734
0.0765953
0.157944
0.164009
0.0442158
0.269457
0.0414738
0.18726
0.142949
0.155654
0.0420256
0.11438
0.116105
0.113508
0.173631
0.11997
0.0938962
0.0763845
0.11364
0.171431
0.162088
0.0741259
0.199063
0.0304061
0.177647
0.150061
0.119549
0.163796
0.0800047
0.150836
0.12949
0.170234
0.192607
0.119811
0.111002
0.0630382
0.195248
0.109606
0.19305
0.135025
0.170523
0.0387746
0.103604
0.142986
0.0326222
0.129662
0.107829
0.167593
0.0923626
0.111086
0.174987
0.1826
0.115857
0.111111
0.0602911
0.0926881
0.110293
0.192318
0.179414
0.102677
0.0539669
0.155435
0.104691
0.136988
0.0417378
0.0813937
0.0830387
0.0915171
0.0934816
0.0293862
0.0816369
0.168744
0.137408
0.0772382
0.0830095
0.109752
0.0894976
0.139005
0.133497
0.0869486
0.0828875
0.137714
0.0603078
0.0984372
0.125776
0.115368
0.130971
0.214044
0.0539913
0.156093
0.166525
0.116401
0.177348
0.108864
0.0153817
0.0653004
0.141206
0.133519
0.0878056
0.200627
0.111163
0.122394
0.114713
0.170126
0.0571981
0.0814124
0.0762886
0.199258
0.158541
0.219333
0.117145
0.132598
0.13956
0.0658587
0.0826817
0.119709
0.119531
0.107663
0.199062
0.102563
0.123683
0.104571
0.0995601
0.198243
0.150233
0.13796
0.0989973
0.0406531
0.112343
0.145135
0.164922
0.104174
0.154662
0.071113
0.122028
0.112329
0.0533912
0.0295767
0.201288
0.225033
0.10732
0.0263153
0.159089
0.0732853
0.198697
0.198549
0.0725598
0.0732597
0.126954
0.163225
0.0662353
0.160262
0.063977
0.0964383
0.0667519
0.0684126
0.18954
0.0582827
0.0659373
0.153694
0.10498
0.105956
0.0269067
0.150856
0.0562056
0.0953676
0.0749192
0.205601
0.142037
0.125173
0.0748406
0.097904
0.00499125
0.0972632
0.0612634
0.034634
0.0766534
0.0890509
0.0913992
0.0443966
0.0730454
0.150916
0.035746
0.121742
0.137508
0.116547
0.180491
0.187827
0.079914
0.0801227
0.0953661
0.0986948
0.0221482
0.181209
0.112066
0.0978675
0.224133
0.130533
0.108215
0.108356
0.138783
0.126725
0.135245
0.135519
0.124259
0.0930671
0.0223836
0.133501
0.0942896
0.0530018
0.0954343
0.0443558
0.10521
0.0940275
0.0885196
0.0728261
0.0430574
0.106053
0.0960461
0.118966
0.166785
0.0192664
0.122679
0.16088
0.0258178
0.109096
0.0740544
0.0596339
0.031325
0.0355692
0.120051
0.068929
0.0953861
0.00195179
0.101633
0.0729742
0.0676138
0.158723
0.112281
0.0876499
0.0699371
0.104249
0.155118
0.131961
0.114157
0.0509063
0.10956
0.149193
0.140801
0.149026
0.0444779
0.0101677
0.0720792
0.131152
0.106213
0.080618
0.0778713
0.0526756
0.102561
0.11624
0.15605
0.0965206
0.0789257
0.111248
0.114205
0.0809033
0.145127
0.144904
0.116793
0.138764
0.0803954
0.0547
0.0629743
0.180729
0.0231541
0.0790145
0.113358
0.173166
0.0543958
0.114987
0.124206
0.0843524
0.0876486
0.0838402
0.130134
0.1152
0.0985921
0.0583617
0.195485
0.152266
0.204142
0.131711
0.08826
0.136264
0.129853
0.0473573
0.0396231
0.102111
0.0932188
0.178785
0.0523225
0.156756
0.158015
0.0875226
0.0330397
0.144798
0.0259578
0.139122
0.0928132
0.043567
0.114445
0.103863
0.1039
0.0907
0.115547
0.186273
0.026283
0.0497448
0.145219
0.099712
0.0226453
0.216183
0.159164
0.128247
0.100331
0.104013
0.126978
0.12856
0.132747
0.125307
0.0742759
0.188906
0.156129
0.176382
0.172102
0.220159
0.125495
0.0728309
0.112995
0.0489397
0.115766
0.10328
0.0762574
0.0748394
0.0394884
0.0768088
0.0479167
0.0478416
0.106036
0.0615517
0.136469
0.0840067
0.170328
0.150726
0.163921
0.0785036
0.108911
0.104425
0.188926
0.138256
0.102817
0.0626842
0.1782
0.040072
0.0784719
0.0745552
0.073153
0.131232
0.038404
0.114648
0.178429
0.147021
0.155052
0.0931656
0.110489
0.0803008
0.0792756
0.130028
0.0836358
0.10358
0.18369
0.173859
0.13377
0.156093
0.131206
0.0666187
0.0649477
0.108286
0.228902
0.110662
0.110507
0.0395385
0.152044
0.134449
0.146433
0.134594
0.13314
0.132128
0.0795651
0.159077
0.111127
0.0793758
0.0797293
0.13484
0.177717
0.157028
0.0746263
0.0738108
0.134259
0.0781249
0.0761228
0.168236
0.138771
0.108243
0.143707
0.0781809
0.0719486
0.0846421
0.168793
0.0745664
0.0242956
0.176346
0.135531
0.171435
0.0223393
0.128927
0.149075
0.125116
0.11222
0.0968173
0.107624
0.238086
0.12957
0.0403382
0.0768766
0.00880193
0.215664
0.128265
0.0902539
0.0764222
0.0695818
0.0914856
0.159698
0.104164
0.102608
0.167917
0.0861177
0.12418
0.0400523
0.118671
0.13209
0.0432486
0.0457156
0.0614725
0.0628286
0.119377
0.0847916
0.171159
0.114107
0.0937501
0.0766861
0.117523
0.165617
0.156527
0.0171669
0.0662972
0.0670234
0.0784229
0.0561045
0.155136
0.0807211
0.104981
0.209563
0.114196
0.0181799
0.115786
0.0591406
0.0595728
0.0555401
0.0163518
0.0700362
0.160755
0.110411
0.147149
0.0573458
0.0565978
0.0559235
0.108142
0.0731477
0.192
0.141595
0.108728
0.184493
0.17529
0.136288
0.0883573
0.130007
0.153902
0.114134
0.158436
0.137129
0.0803486
0.0652025
0.0583393
0.162315
0.155621
0.0554819
0.142636
0.107731
0.0610866
0.100086
0.0626058
0.06012
0.0320455
0.120293
0.0441519
0.212316
0.149714
0.145403
0.123453
0.114533
0.162618
0.0230809
0.162836
0.121045
0.148388
0.127371
0.0851736
0.0822789
0.0952082
0.123389
0.0632657
0.0638675
0.103883
0.062478
0.0687139
0.124478
0.0231
0.0302242
0.0517141
0.107109
0.125854
0.143672
0.212452
0.133144
0.0500276
0.0935888
0.185171
0.0618157
0.096841
0.21695
0.105986
0.0491452
0.141744
0.116527
0.193613
0.166968
0.06385
0.149081
0.174917
0.130994
0.0700684
0.103633
0.0672096
0.243497
0.0243753
0.114736
0.0757919
0.0508037
0.130638
0.171221
0.181864
0.113238
0.0913374
0.0862872
0.0658796
0.127643
0.0469996
0.10471
0.139567
0.148863
0.0771123
0.0493775
0.14388
0.0229013
0.1774
0.208529
0.131485
0.123235
0.111068
0.142446
0.117404
0.129743
0.178698
0.155902
0.133716
0.0558701
0.116471
0.105011
0.145619
0.063359
0.140153
0.116966
0.112086
0.218541
0.148523
0.0815175
0.296066
0.0532493
0.0620987
0.0544967
0.0669913
0.0153223
0.106958
0.201521
0.105722
0.142029
0.0907343
0.177122
0.133204
0.133129
0.147148
0.107824
0.0271534
0.077827
0.0231628
0.133301
0.0652008
0.114776
0.0798856
0.0515407
0.120058
0.171965
0.0677175
0.0529855
0.0857514
0.145132
0.129259
0.170963
0.0868749
0.0827764
0.204577
0.128957
0.140353
0.0849282
0.107343
0.104958
0.128559
0.105757
0.15458
0.088785
0.182674
0.0848606
0.0830762
0.148108
0.117047
0.0840381
0.0870381
0.0843619
0.088855
0.167251
0.0681942
0.228809
0.0313164
0.0982575
0.150514
0.148993
0.0753582
0.098888
0.0998634
0.0510162
0.123255
0.170356
0.0240695
0.145855
0.0588932
0.0862628
0.167025
0.191625
0.193452
0.187893
0.130342
0.171634
0.0595754
0.0117171
0.145715
0.181047
0.0860185
0.141448
0.144549
0.140189
0.188175
0.101877
0.236143
0.126033
0.0923643
0.0300998
0.0563077
0.139148
0.0306622
0.171288
0.0645662
0.0499152
0.0824807
0.0776064
0.0726527
0.126929
0.0495734
0.168755
0.137227
0.177197
0.116084
0.14651
0.0762024
0.0666852
0.0426911
0.100482
0.0438226
0.199943
0.152775
0.0740315
0.0751894
0.0477316
0.225522
0.170826
0.168899
0.127013
0.0651515
0.1108
0.0804547
0.074024
0.224782
0.14031
0.0873721
0.178712
0.097768
0.100107
0.0835254
0.166628
0.0308861
0.155785
0.0301636
0.0997332
0.0993374
0.0410098
0.168442
0.140487
0.0427418
0.0825277
0.0292612
0.0811763
0.132449
0.104238
0.056118
0.126743
0.101082
0.114902
0.0811641
0.0517349
0.0627437
0.155542
0.0396733
0.0252485
0.0401029
0.0404606
0.13108
0.0781952
0.1101
0.0721087
0.180072
0.110178
0.0265585
0.0527125
0.185222
0.0643628
0.0962093
0.169728
0.120299
0.0575405
0.162229
0.0503528
0.0459804
0.0701662
0.0643422
0.0937919
0.087586
0.15669
0.18518
0.0275042
0.157808
0.0486609
0.0603167
0.157156
0.0246603
0.100072
0.256316
0.0345645
0.119535
0.155815
0.0920228
0.130139
0.129477
0.211569
0.113748
0.119348
0.118191
0.0894799
0.0770456
0.0265844
0.0678563
0.116504
0.13322
0.0457356
0.0478998
0.0482132
0.0467482
0.204262
0.136518
0.0459957
0.103142
0.0444701
0.136988
0.102267
0.169489
0.10863
0.0673999
0.155682
0.118895
0.0973581
0.116203
0.115817
0.116664
0.0505174
0.174665
0.043679
0.0691182
0.0994902
0.0276861
0.0890942
0.127706
0.118314
0.112842
0.119275
0.140897
0.0758071
0.0820806
0.137033
0.0500385
0.165798
0.127516
0.126234
0.0368484
0.0760306
0.113561
0.116917
0.148838
0.0988493
0.0323858
0.145232
0.207211
0.0530502
0.0294772
0.17395
0.0861423
0.0532308
0.0497148
0.0198474
0.113963
0.139997
0.152357
0.120634
0.130614
0.0850193
0.0540582
0.0605875
0.121561
0.1652
0.141939
0.164398
0.153604
0.0280125
0.0468708
0.0906458
0.157665
0.0610314
0.0727535
0.030272
0.0255552
0.0804061
0.0732129
0.0932583
0.0835644
0.0156475
0.192667
0.18046
0.130355
0.106152
0.0945364
0.025258
0.220552
0.100891
0.0989627
0.0987843
0.0648502
0.0815349
0.0602053
0.116958
0.107501
0.139144
0.122703
0.148249
0.0976471
0.155551
0.0340728
0.0400145
0.0765289
0.0671677
0.139485
0.0726628
0.0891782
0.0560728
0.0970023
0.115702
0.100586
0.091248
0.0987935
0.119405
0.130549
0.0750311
0.0479012
0.145079
0.121869
0.123291
0.0639598
0.168545
0.0591868
0.120432
0.229754
0.144092
0.120594
0.0500026
0.0776884
0.0726271
0.0546475
0.139456
0.1473
0.072275
0.158275
0.151992
0.0508357
0.0549765
0.123575
0.098893
0.0773921
0.139139
0.0754104
0.153324
0.145995
0.0375219
0.074054
0.124988
0.0887255
0.141151
0.0900858
0.0416827
0.0974995
0.156211
0.0780585
0.189624
0.0644892
0.14325
0.0896743
0.0923874
0.015909
0.0632493
0.118624
0.0452956
0.0449329
0.114699
0.117491
0.129395
0.138161
0.141524
0.0445774
0.0816804
0.117205
0.0657514
0.0885458
0.0243272
0.115804
0.139956
0.0728818
0.0858864
0.152444
0.112782
0.0419067
0.198658
0.162918
0.129899
0.112635
0.205988
0.100908
0.238209
0.0954248
0.0607201
0.0981369
0.0546883
0.141608
0.116511
0.0488673
0.158334
0.132378
0.0632899
0.0717293
0.070513
0.169665
0.0548364
0.163411
0.133172
0.0767926
0.142631
0.233455
0.107694
0.0666909
0.150312
0.151995
0.238362
0.0565064
0.0607407
0.0662283
0.0422224
0.0729885
0.102566
0.0948517
0.132455
0.161386
0.147542
0.184496
0.0369384
0.0366146
0.0705
0.0992721
0.160317
0.0588397
0.0987707
0.147903
0.0826202
0.0315365
0.121881
0.164415
0.0575902
0.145029
0.13583
0.219508
0.150433
0.1745
0.180407
0.100279
0.0630762
0.182671
0.113512
0.0583634
0.15032
0.0777737
0.0273596
0.149064
0.108759
0.165893
0.0553521
0.17963
0.0829398
0.126911
0.0915654
0.193386
0.149342
0.115515
0.111429
0.0951223
0.0828985
0.0635109
0.0594773
0.137065
0.0271624
0.0677185
0.0974526
0.0498487
0.0525994
0.0418859
0.107502
0.112584
0.0473594
0.130551
0.150816
0.057248
0.0487857
0.0815943
0.202947
0.178092
0.107046
0.160102
0.110304
0.0537423
0.101147
0.201574
0.115526
0.121964
0.0428107
0.0438184
0.199105
0.193196
0.09616
0.0703844
0.0333241
0.153855
0.170459
0.114943
0.104036
0.044063
0.089095
0.0696794
0.0670637
0.067573
0.116169
0.13349
0.0435196
0.138027
0.0832114
0.13082
0.139964
0.13796
0.0679793
0.0837981
0.168099
0.110411
0.101627
0.0992874
0.0697374
0.0743421
0.140659
0.0827141
0.125758
0.145747
0.143076
0.189625
0.130764
0.128005
0.110742
0.174606
0.13174
0.055001
0.0813168
0.163186
0.0121732
0.145715
0.117593
0.111389
0.0734106
0.155958
0.0333868
0.0373164
0.0296619
0.179905
0.210115
0.109975
0.0567641
0.156086
0.130902
0.150149
0.123478
0.10812
0.0678719
0.115073
0.148622
0.0626378
0.0610432
0.144139
0.0639653
0.106256
0.119633
0.0688054
0.152277
0.0858022
0.0622049
0.112272
0.0774831
0.0832348
0.0627731
0.0444074
0.144524
0.092551
0.161021
0.123346
0.134739
0.176185
0.120965
0.199407
0.108284
0.185593
0.116412
0.0453696
0.159079
0.104103
0.139035
0.105377
0.0840803
0.199417
0.122008
0.0334542
0.0674835
0.0821935
0.0940802
0.159604
0.110923
0.161432
0.0893502
0.196335
0.0575051
0.0785948
0.204278
0.0368468
0.145609
0.0477328
0.171446
0.0309169
0.0297152
0.16047
0.1607
0.173677
0.085571
0.0836674
0.0857246
0.0962937
0.120777
0.137657
0.136997
0.145572
0.119676
0.169939
0.0942814
0.111809
0.135438
0.134566
0.0672569
0.19747
0.0647739
0.101046
0.212201
0.0334679
0.117865
0.105843
0.0497601
0.122688
0.119424
0.135197
0.133301
0.0206616
0.187328
0.0525923
0.137428
0.106103
0.0462858
0.142948
0.132713
0.174092
0.137237
0.151407
0.0719269
0.0947734
0.174642
0.0945497
0.237353
0.142772
0.0471668
0.135955
0.130116
0.217068
0.0577591
0.0668749
0.0926884
0.200102
0.118378
0.103385
0.117937
0.0914206
0.164834
0.137746
0.129499
0.118236
0.13625
0.150464
0.125652
0.0658885
0.144852
0.118252
0.165979
0.157414
0.121391
0.14953
0.0678124
0.03406
0.0292402
0.106005
0.121225
0.150352
0.0744671
0.0595209
0.14856
0.108035
0.127857
0.251885
0.209573
0.20225
0.0843415
0.120771
0.104802
0.153017
0.0848929
0.153244
0.0609043
0.183284
0.200775
0.158423
0.181751
0.0355872
0.106766
0.073147
0.140872
0.125823
0.116894
0.163966
0.119124
0.216877
0.047958
0.0905207
0.0717951
0.100449
0.11757
0.115238
0.133355
0.118066
0.121939
0.115473
0.141333
0.0304087
0.160092
0.101816
0.0921443
0.0927762
0.207916
0.0637491
0.0524882
0.168966
0.152932
0.12839
0.0900216
0.0753921
0.129767
0.113459
0.150886
0.0844921
0.115738
0.106713
0.0828882
0.0610684
0.0204569
0.0610992
0.0765125
0.0933271
0.0956674
0.0278239
0.11865
0.10986
0.0527564
0.0867133
0.16691
0.0350008
0.109213
0.164858
0.0817525
0.202043
0.164704
0.228169
0.162668
0.154733
0.151238
0.167787
0.169636
0.157542
0.10549
0.0518723
0.0520774
0.107761
0.107017
0.0655594
0.158514
0.189119
0.0982752
0.0590504
0.133569
0.189475
0.0516391
0.157392
0.125701
0.0691208
0.0922713
0.0564852
0.0591592
0.0747793
0.14696
0.1365
0.0799083
0.172332
0.136218
0.0193421
0.0611672
0.0580897
0.142508
0.0756876
0.0500519
0.106251
0.0616324
0.0669952
0.0652587
0.141782
0.0686814
0.167856
0.122324
0.0697569
0.183342
0.0570237
0.140797
0.0666242
0.157736
0.0719498
0.178458
0.0552954
0.0692333
0.152309
0.147521
0.0943169
0.108368
0.116462
0.113793
0.0732144
0.0740827
0.0690764
0.120408
0.107699
0.144102
0.127587
0.0936437
0.108165
0.0668737
0.111664
0.0610839
0.0605412
0.147983
0.144661
0.136832
0.0745507
0.143654
0.16288
0.106174
0.0328467
0.0301879
0.120096
0.145167
0.143383
0.0990831
0.145252
0.032403
0.135643
0.0329863
0.121661
0.141423
0.171521
0.0341621
0.072349
0.0748933
0.0799507
0.0618575
0.0438292
0.0824115
0.0293526
0.140949
0.0858615
0.0868548
0.0686873
0.132308
0.117052
0.0541994
0.0825551
0.170163
0.0675387
0.171546
0.138269
0.15429
0.185556
0.107238
0.0694062
0.13999
0.0701036
0.116765
0.0683597
0.0437316
0.035035
0.082154
0.0638325
0.0736201
0.094187
0.0939609
0.136594
0.141661
0.138522
0.0549685
0.054474
0.0320924
0.173638
0.139664
0.142713
0.10313
0.0644707
0.166051
0.108157
0.134727
0.199486
0.0850334
0.0868386
0.0245417
0.0840264
0.0904707
0.17546
0.0850856
0.119706
0.169323
0.104423
0.0965422
0.0858464
0.101277
0.133118
0.127114
0.0656617
0.126108
0.064858
0.0722965
0.127149
0.210625
0.0680345
0.0682283
0.0698577
0.0854002
0.108636
0.165611
0.110585
0.179389
0.0760132
0.193791
0.0639443
0.081657
0.0844199
0.0664228
0.0461709
0.231479
0.0982293
0.0803226
0.0688124
0.050739
0.0743714
0.0779404
0.0166746
0.0772951
0.0347824
0.190221
0.142105
0.0624143
0.0462531
0.0569571
0.0745154
0.188665
0.151175
0.158519
0.176067
0.0606986
0.121609
0.126261
0.141686
0.128553
0.0256375
0.0698846
0.116228
0.103887
0.100146
0.0714881
0.0325738
0.037498
0.0736259
0.104365
0.120921
0.137142
0.0302168
0.0658745
0.210625
0.0888579
0.119302
0.15683
0.190031
0.107717
0.0744924
0.0755969
0.0505314
0.0753362
0.0260589
0.183758
0.083169
0.1086
0.100146
0.195302
0.133773
0.140144
0.0396172
0.0749042
0.309594
0.0649313
0.162871
0.146925
0.0616422
0.215159
0.0318871
0.131832
0.0606526
0.145566
0.0680124
0.121062
0.0840353
0.0679325
0.147049
0.203127
0.145313
0.151783
0.0702501
0.134222
0.204634
0.114735
0.148275
0.104209
0.0329457
0.0714059
0.0905145
0.137486
0.122705
0.147362
0.15814
0.0739417
0.151228
0.0705686
0.124104
0.15601
0.192836
0.112931
0.052168
0.0748938
0.217279
0.102749
0.123395
0.0492528
0.154539
0.0985434
0.0856015
0.0841064
0.112225
0.175133
0.154445
0.14537
0.133775
0.0810401
0.107791
0.075771
0.126057
0.0690497
0.130266
0.0749907
0.144818
0.093725
0.144513
0.165133
0.0366316
0.159609
0.175542
0.115617
0.191941
0.157841
0.0729627
0.0740448
0.0311325
0.121713
0.145035
0.220227
0.0955895
0.123967
0.124638
0.0982608
0.142737
0.0303385
0.0965071
0.180755
0.0742897
0.131461
0.137776
0.117593
0.132239
0.129101
0.108393
0.174666
0.0568858
0.0376514
0.129504
0.187913
0.0968647
0.0847933
0.0388063
0.0551842
0.105286
0.127951
0.214254
0.127478
0.0727231
0.0679269
0.0760018
0.0396142
0.068805
0.036554
0.0567211
0.197057
0.0729129
0.13591
0.0252277
0.129525
0.0378918
0.118037
0.200296
0.112479
0.0518016
0.219143
0.0885453
0.051628
0.172875
0.0847538
0.173938
0.192316
0.196118
0.0805101
0.160889
0.114912
0.158232
0.126518
0.126353
0.129824
0.126486
0.0531368
0.123808
0.0473832
0.129726
0.106064
0.120285
0.187462
0.134678
0.152723
0.0898583
0.103603
0.0132421
0.0860979
0.0690425
0.0575952
0.155061
0.144513
0.232503
0.18744
0.232794
0.0859937
0.0995233
0.0667065
0.173306
0.0885191
0.127599
0.127711
0.0983318
0.0775752
0.119566
0.0860365
0.136901
0.142056
0.0950748
0.0764694
0.145874
0.0940674
0.186526
0.176242
0.0549182
0.153837
0.144214
0.130356
0.148224
0.0969575
0.0593114
0.0916987
0.224867
0.121178
0.0830786
0.178623
0.188034
0.0460539
0.0943848
0.131991
0.222256
0.136514
0.164995
0.126983
0.0213639
0.110932
0.062151
0.132578
0.152831
0.061267
0.10894
0.0617379
0.158697
0.105974
0.0328785
0.0564997
0.0288598
0.075719
0.105915
0.137723
0.0682298
0.0633097
0.10404
0.065459
0.062285
0.0615464
0.0617785
0.129618
0.0681729
0.0855427
0.13228
0.159512
0.100511
0.133615
0.072343
0.0850341
0.133845
0.0330421
0.152059
0.156762
0.234966
0.0857176
0.124546
0.0792996
0.0984592
0.101268
0.176639
0.124458
0.155226
0.071555
0.15745
0.153727
0.1594
0.170759
0.108906
0.224312
0.162202
0.0638323
0.0862222
0.0697571
0.0292747
0.101567
0.063221
0.0869593
0.163645
0.150476
0.0858583
0.152745
0.127875
0.139973
0.0308694
0.030573
0.240334
0.0774322
0.133413
0.105551
0.0761289
0.077097
0.0461413
0.0620228
0.142995
0.0269116
0.0953571
0.160269
0.160679
0.0575075
0.0409119
0.0964161
0.146656
0.144273
0.136064
0.137259
0.125323
0.126216
0.0846128
0.100192
0.0763716
0.1992
0.104023
0.0496511
0.0864289
0.087903
0.0217112
0.121181
0.167642
0.130535
0.0760965
0.0968727
0.068656
0.0676912
0.0472497
0.169945
0.0843783
0.0251249
0.119586
0.0669946
0.224698
0.14855
0.10308
0.13615
0.0915197
0.112313
0.203458
0.114327
0.105505
0.116694
0.058633
0.199336
0.070623
0.112565
0.120349
0.104059
0.105443
0.0821385
0.0852884
0.204471
0.145301
0.0688802
0.12093
0.122711
0.0793688
0.0658084
0.0737135
0.192128
0.091104
0.072621
0.0670882
0.109464
0.0757154
0.126557
0.131062
0.110013
0.121183
0.140336
0.0562103
0.0949906
0.0857341
0.0758649
0.0717741
0.0567506
0.0448023
0.0564336
0.0496175
0.101039
0.0230878
0.15831
0.143208
0.117174
0.177669
0.136928
0.118189
0.0737364
0.171918
0.160152
0.0631092
0.0979268
0.172576
0.116682
0.0454145
0.103703
0.100556
0.0858124
0.124311
0.0717459
0.0703813
0.0194796
0.0716483
0.1024
0.0632796
0.167403
0.0374252
0.086968
0.192977
0.0501584
0.0348329
0.252804
0.227545
0.0689088
0.179332
0.112845
0.108296
0.0941518
0.132618
0.107258
0.121687
0.169808
0.134893
0.170425
0.150611
0.205684
0.0612899
0.0670558
0.0657991
0.171274
0.104339
0.0798432
0.155353
0.0661497
0.0694164
0.149032
0.0788124
0.038844
0.183463
0.191901
0.153092
0.0988421
0.136691
0.137665
0.158777
0.18346
0.150065
0.148179
0.108183
0.189236
0.112813
0.0709962
0.125522
0.186473
0.155631
0.155044
0.0705909
0.0843946
0.191288
0.0583969
0.117965
0.132511
0.132937
0.104418
0.234869
0.110683
0.0894374
0.0282912
0.158834
0.159683
0.083444
0.0434975
0.0974549
0.136236
0.119609
0.0726567
0.0729132
0.166313
0.0464994
0.143694
0.192221
0.0699878
0.12106
0.140683
0.144949
0.138331
0.208325
0.163943
0.106794
0.201459
0.0971967
0.0604674
0.193379
0.19335
0.0299396
0.0672202
0.12416
0.112555
0.182674
0.1636
0.102089
0.106277
0.109815
0.16752
0.0911486
0.207097
0.110154
0.120578
0.0860278
0.106962
0.194648
0.14888
0.0457688
0.158749
0.139926
0.162578
0.0894692
0.121133
0.0893343
0.177223
0.0890955
0.118006
0.0633877
0.0969888
0.092382
0.0988565
0.126777
0.0460223
0.0919617
0.0960146
0.108308
0.104585
0.133673
0.109228
0.158596
0.180815
0.0832175
0.186409
0.167615
0.0869766
0.145284
0.0724079
0.074283
0.0658683
0.171451
0.175885
0.0906144
0.176604
0.221884
0.107528
0.0926164
0.0537226
0.116397
0.114445
0.126001
0.129185
0.112213
0.132055
0.0941437
0.0980252
0.0970073
0.118281
0.0924867
0.190145
0.128252
0.0928985
0.147685
0.0941006
0.0690055
0.126619
0.107241
0.107324
0.124913
0.190146
0.193748
0.0948212
0.0928292
0.0776408
0.151046
0.115671
0.150865
0.0643429
0.099196
0.0586728
0.120119
0.117188
0.0223133
0.0653326
0.205693
0.0909229
0.138805
0.0779101
0.0442588
0.080992
0.0871446
0.0899747
0.14673
0.0664118
0.225337
0.060082
0.184258
0.139623
0.181026
0.175245
0.132737
0.0678275
0.0778275
0.19193
0.265131
0.192379
0.0395579
0.0630537
0.164054
0.027803
0.0692699
0.0805911
0.155089
0.0801421
0.112585
0.0906783
0.0471962
0.0673443
0.0669829
0.081562
0.142168
0.025423
0.0874994
0.164571
0.173026
0.0783681
0.0502763
0.0636778
0.0634996
0.139306
0.246017
0.0409878
0.14977
0.101942
0.107414
0.186173
0.0802356
0.154599
0.122888
0.0204991
0.0900142
0.0888272
0.11675
0.0566876
0.0797859
0.139291
0.185153
0.0547187
0.101507
0.1184
0.183634
0.0911153
0.0389657
0.0603829
0.124525
0.0172806
0.108541
0.117812
0.179893
0.085719
0.124562
0.0563241
0.1894
0.0619648
0.0997881
0.0585835
0.0503979
0.118362
0.0481772
0.100398
0.0717039
0.104018
0.106774
0.0660402
0.0546971
0.156048
0.148723
0.0614937
0.219624
0.146631
0.168304
0.109067
0.153101
0.164816
0.150311
0.142306
0.131951
0.152721
0.105924
0.106764
0.10285
0.0856466
0.132293
0.113009
0.0724834
0.249826
0.115085
0.0838098
0.152811
0.165608
0.0724282
0.176118
0.182254
0.159722
0.0596359
0.234296
0.133348
0.0851764
0.0551438
0.184904
0.170955
0.0296471
0.0349368
0.0517207
0.0783647
0.223097
0.195205
0.0968372
0.148932
0.119104
0.14897
0.157075
0.103947
0.189802
0.0905938
0.149895
0.0856876
0.0986005
0.0800911
0.0869816
0.133114
0.0667857
0.122744
0.0556094
0.0112297
0.168705
0.162362
0.123971
0.135238
0.103747
0.162743
0.176807
0.196999
0.0811945
0.0962645
0.0318356
0.12656
0.154897
0.0607686
0.0695469
0.114839
0.108831
0.133361
0.0613598
0.169625
0.118439
0.18536
0.145511
0.163967
0.11288
0.167657
0.141845
0.125521
0.107025
0.104278
0.16032
0.153137
0.125936
0.0639926
0.0627963
0.0790902
0.0606898
0.153093
0.107799
0.133975
0.0617995
0.189563
0.148371
0.141508
0.247223
0.141344
0.130789
0.162401
0.0623106
0.0625631
0.0673618
0.189124
0.142242
0.0910549
0.0688076
0.152905
0.0965254
0.163162
0.0369825
0.206482
0.0595637
0.143592
0.0958778
0.102791
0.0708295
0.156489
0.0267657
0.126468
0.055721
0.150955
0.0740586
0.0561322
0.0653218
0.097676
0.0622115
0.177044
0.112056
0.177667
0.0511568
0.102564
0.102419
0.21645
0.0467299
0.159779
0.0662972
0.0611503
0.204737
0.0632352
0.189524
0.0532734
0.103449
0.0502997
0.191069
0.0271642
0.107047
0.0898461
0.0644976
0.132089
0.0738458
0.128983
0.0612856
0.0831763
0.0662214
0.100988
0.0979706
0.165158
0.0591314
0.184771
0.0817479
0.186414
0.141172
0.151809
0.129768
0.130291
0.143516
0.0980454
0.184433
0.0289218
0.137083
0.0656347
0.174147
0.202667
0.0730215
0.0650918
0.115166
0.12396
0.13666
0.121515
0.156674
0.0986168
0.101494
0.0712739
0.152836
0.0542464
0.1386
0.102633
0.144235
0.0760481
0.0714826
0.183432
0.0770566
0.162901
0.0374249
0.135714
0.117302
0.0373048
0.0438461
0.0439684
0.127991
0.131717
0.13459
0.0344893
0.122921
0.136754
0.136279
0.0268919
0.201487
0.146141
0.0607159
0.0569447
0.10696
0.172748
0.10778
0.0812337
0.129016
0.0810516
0.226331
0.065037
0.0380968
0.0457742
0.140204
0.133667
0.187334
0.190856
0.185848
0.038041
0.149709
0.105188
0.109514
0.127049
0.0770689
0.0936247
0.0917792
0.0569241
0.0747135
0.14161
0.165577
0.137227
0.171965
0.106533
0.0672166
0.0245135
0.068248
0.0831391
0.0417526
0.0847685
0.200328
0.167651
0.0761059
0.030439
0.0772957
0.0776845
0.122803
0.0972695
0.114805
0.0624038
0.0419217
0.0676803
0.0672082
0.0404514
0.105585
0.0970097
0.13159
0.131052
0.138557
0.129825
0.150726
0.0583436
0.129373
0.0636747
0.173876
0.137699
0.114937
0.248447
0.117302
0.0743105
0.159087
0.105549
0.0710053
0.0368212
0.0399871
0.0833702
0.0270169
0.0641991
0.165775
0.123102
0.0611586
0.104444
0.0827962
0.0890977
0.196611
0.0915509
0.105977
0.20035
0.0667025
0.10926
0.121969
0.116948
0.239208
0.0849315
0.0857553
0.0517015
0.212615
0.102619
0.0890541
0.0655814
0.116745
0.105628
0.105192
0.217818
0.0839194
0.0830798
0.0992022
0.0667948
0.100014
0.0695209
0.138642
0.170278
0.154769
0.194588
0.122212
0.0750548
0.156326
0.0468558
0.0938957
0.0849469
0.13612
0.0681945
0.227922
0.129102
0.0637259
0.0677612
0.12596
0.0691093
0.0653694
0.0351814
0.184015
0.183684
0.13383
0.0983189
0.160549
0.0362795
0.0998665
0.174806
0.162744
0.0905291
0.0551194
0.091157
0.096342
0.158889
0.2261
0.0627726
0.0703635
0.0617565
0.0852999
0.151917
0.0899576
0.0543694
0.113484
0.116105
0.115989
0.0513566
0.0256407
0.152718
0.146841
0.090275
0.113452
0.0248027
0.215294
0.116243
0.255757
0.0717013
0.129013
0.155335
0.096604
0.0428708
0.0418484
0.0750722
0.0753969
0.11196
0.07462
0.124407
0.143341
0.141628
0.0636336
0.106653
0.0889936
0.167556
0.181303
0.0731031
0.0967818
0.0245862
0.125871
0.0545444
0.0910708
0.0813222
0.0670223
0.150078
0.0552285
0.127173
0.115111
0.126113
0.0443513
0.129076
0.151555
0.126893
0.13595
0.166356
0.056838
0.112913
0.162917
0.132084
0.0663923
0.0741071
0.165408
0.170995
0.114004
0.0855549
0.256061
0.152002
0.0219176
0.0574606
0.0587364
0.0961258
0.120977
0.123512
0.0512447
0.0932389
0.193106
0.0681882
0.116835
0.136814
0.0999773
0.0462585
0.114754
0.155975
0.0301221
0.122147
0.114198
0.14723
0.114451
0.160817
0.0762342
0.0857202
0.0663727
0.0805368
0.154261
0.235478
0.209971
0.157118
0.120815
0.0994714
0.0242449
0.0623543
0.0860679
0.188947
0.074794
0.125839
0.078357
0.185792
0.0945741
0.192003
0.210745
0.0376473
0.071581
0.197852
0.143454
0.200744
0.0842434
0.132301
0.0537025
0.12753
0.129863
0.0484615
0.113278
0.235324
0.114483
0.0766876
0.175272
0.0423562
0.13472
0.136904
0.0516041
0.0198942
0.137485
0.174592
0.0532192
0.0543478
0.119412
0.0812799
0.138539
0.199988
0.138714
0.157587
0.151631
0.0629125
0.0685349
0.0455342
0.0558528
0.0351388
0.0242178
0.123356
0.112461
0.134245
0.11969
0.209059
0.0182301
0.120098
0.0317792
0.129036
0.190104
0.177752
0.125545
0.0341225
0.0608404
0.0332326
0.160114
0.119252
0.136896
0.0228627
0.0625538
0.0931633
0.0611589
0.0634999
0.169446
0.0858188
0.13993
0.0970591
0.0534215
0.105177
0.0954112
0.0869775
0.088948
0.0923337
0.111859
0.0926734
0.090161
0.104143
0.214633
0.180985
0.0759448
0.165105
0.154552
0.0884301
0.17605
0.0973907
0.0913148
0.221983
0.0710863
0.114438
0.114152
0.0837659
0.0932465
0.0951853
0.0447377
0.0766483
0.0384626
0.0619186
0.0568057
0.149847
0.0986346
0.0562776
0.0786189
0.0899013
0.115741
0.0660069
0.0551804
0.0952645
0.0970002
0.052054
0.0729024
0.20782
0.0618217
0.0969316
0.149542
0.0779264
0.113408
0.089742
0.214447
0.0318776
0.168614
0.140868
0.190358
0.0611648
0.0973841
0.167296
0.123702
0.140808
0.109229
0.080933
0.0971082
0.104585
0.086288
0.16927
0.117138
0.050538
0.0321298
0.171355
0.0838831
0.1118
0.187585
0.0778634
0.0651555
0.0965089
0.0967488
0.213906
0.0804681
0.18583
0.11115
0.0286333
0.136724
0.156977
0.103964
0.115956
0.12695
0.131973
0.181869
0.0884804
0.0625344
0.193459
0.0356563
0.138815
0.0545093
0.0757817
0.126454
0.101864
0.101045
0.0670182
0.146145
0.0651093
0.073023
0.170148
0.225115
0.127243
0.0958657
0.085727
0.145814
0.0445921
0.176303
0.168204
0.156232
0.123584
0.130784
0.157814
0.150355
0.0753933
0.112874
0.12376
0.123815
0.113131
0.0607955
0.215681
0.151625
0.120509
0.108745
0.076307
0.109129
0.0632079
0.159228
0.0779884
0.0351669
0.128874
0.152536
0.122927
0.0883268
0.0297027
0.0920581
0.10908
0.0757747
0.130297
0.131561
0.15499
0.0960588
0.161045
0.111356
0.0977043
0.151644
0.142214
0.0854218
0.112744
0.00901605
0.0813896
0.1893
0.0321616
0.173629
0.122604
0.0610422
0.174814
0.0853733
0.0320734
0.0297935
0.105969
0.0953881
0.068688
0.139522
0.0899804
0.1976
0.234539
0.157144
0.111631
0.0609539
0.135353
0.0885206
0.0842042
0.193564
0.0603188
0.0727873
0.144151
0.0367561
0.126974
0.195177
0.14968
0.0726939
0.10044
0.0888403
0.161742
0.115905
0.0496468
0.073607
0.19359
0.112579
0.199166
0.112744
0.149661
0.128799
0.102342
0.141919
0.183258
0.044613
0.151978
0.139544
0.12226
0.116469
0.155653
0.0763907
0.144836
0.0189722
0.122005
0.113954
0.161405
0.0978381
0.137843
0.101686
0.0875672
0.0880439
0.0591981
0.0615918
0.0348229
0.127472
0.106043
0.0688146
0.0986484
0.145563
0.0555446
0.162847
0.0490971
0.0832467
0.121835
0.0515175
0.0361089
0.0552309
0.203967
0.0480037
0.189992
0.0777104
0.0761669
0.0459296
0.0969178
0.0549677
0.174341
0.168155
0.186295
0.0314565
0.123977
0.0428624
0.191811
0.129248
0.0608384
0.170094
0.0923319
0.190278
0.0911194
0.0479036
0.158125
0.122435
0.133674
0.0338419
0.0566983
0.136826
0.174311
0.0581901
0.161082
0.140197
0.0460496
0.0596526
0.0570179
0.178277
0.175781
0.0698582
0.0859993
0.10188
0.122486
0.0453167
0.0425536
0.159416
0.059595
0.13305
0.0996892
0.100263
0.183391
0.126384
0.143306
0.15571
0.162126
0.0655786
0.082515
0.143024
0.126721
0.132631
0.133859
0.0993176
0.0651096
0.0768497
0.183819
0.161011
0.154886
0.0875043
0.0324018
0.165239
0.104394
0.0568164
0.190678
0.0550632
0.071705
0.0477399
0.159056
0.17107
0.0624291
0.132723
0.110938
0.0956607
0.154708
0.195776
0.10921
0.118611
0.16951
0.223724
0.058491
0.106652
0.145743
0.137691
0.0454041
0.129775
0.0142145
0.0942307
0.0538579
0.0967819
0.0323103
0.173068
0.215006
0.178629
0.0184369
0.12374
0.185768
0.136441
0.106749
0.0716124
0.143236
0.18247
0.126034
0.0937848
0.0938528
0.0612752
0.181879
0.108727
0.0904501
0.0936468
0.110743
0.108798
0.0608938
0.0607619
0.0349765
0.0942958
0.153217
0.198556
0.022807
0.0537449
0.202897
0.0961166
0.051747
0.18277
0.160602
0.0545627
0.0704191
0.0632103
0.14632
0.106219
0.0934508
0.0552644
0.107063
0.149686
0.0359137
0.144712
0.150131
0.0569602
0.052015
0.0550008
0.11762
0.141937
0.086148
0.150761
0.0929879
0.137386
0.147879
0.128556
0.127862
0.127177
0.0676366
0.0787139
0.0702656
0.0671749
0.118605
0.0624778
0.0865232
0.0236788
0.0795969
0.106069
0.0683158
0.157621
0.174461
0.0886856
0.10897
0.123628
0.192499
0.121663
0.0775219
0.0460435
0.0991569
0.0402006
0.151814
0.105668
0.115389
0.0880473
0.157314
0.0656984
0.190931
0.10364
0.137625
0.125745
0.0544484
0.0523381
0.0320973
0.121811
0.231002
0.0885027
0.206207
0.0532704
0.0737162
0.1036
0.0320258
0.0243723
0.0542762
0.0536617
0.0676237
0.0569857
0.0735059
0.0320174
0.0616572
0.0449376
0.173661
0.099209
0.168431
0.0896692
0.0932615
0.125001
0.187351
0.100907
0.101178
0.177948
0.0779371
0.0758651
0.0743484
0.0731294
0.0956674
0.177329
0.0742392
0.080436
0.111768
0.0779062
0.194635
0.117157
0.113894
0.0650151
0.124989
0.0336992
0.187694
0.172628
0.102908
0.0605191
0.169401
0.135396
0.200188
0.0737461
0.076703
0.0794996
0.200401
0.0774613
0.129159
0.0926992
0.0540125
0.229023
0.073447
0.165525
0.0893015
0.158852
0.0522939
0.0755006
0.077479
0.0332688
0.126211
0.0762576
0.0714375
0.159255
0.157659
0.0484758
0.179547
0.0213072
0.0523223
0.105165
0.0704733
0.0724532
0.133656
0.102217
0.0549265
0.149749
0.209042
0.166618
0.0468021
0.219302
0.0539242
0.140311
0.11188
0.107415
0.0564826
0.101854
0.100929
0.256611
0.140079
0.0862073
0.0889148
0.0845048
0.138753
0.0883852
0.148312
0.178457
0.114779
0.16213
0.159689
0.0703105
0.0245675
0.182704
0.0601702
0.0921023
0.14837
0.0364387
0.152734
0.0885813
0.0406023
0.159068
0.036517
0.0872887
0.150264
0.0540215
0.0491803
0.0890813
0.176573
0.126331
0.182628
0.150751
0.145129
0.0650858
0.15248
0.0884572
0.185861
0.19354
0.167919
0.0547716
0.0534632
0.0406625
0.0482891
0.102436
0.113348
0.0684904
0.0690819
0.127742
0.150119
0.126072
0.0721843
0.131032
0.129803
0.112079
0.176034
0.0512906
0.0702799
0.12952
0.189103
0.190291
0.039004
0.130908
0.182756
0.111761
0.067991
0.128532
0.0733521
0.0650844
0.0373748
0.205091
0.131431
0.165765
0.0501778
0.0486489
0.1232
0.112276
0.195581
0.0514637
0.0995095
0.150146
0.0562194
0.059321
0.0535418
0.0351018
0.194163
0.139858
0.0941907
0.137345
0.105114
0.13194
0.0144088
0.218307
0.131319
0.150957
0.113624
0.0290185
0.0287578
0.137237
0.148451
0.112563
0.138571
0.249358
0.155863
0.134416
0.024903
0.143753
0.199704
0.0905943
0.1653
0.101853
0.125937
0.151602
0.0637852
0.0637087
0.15693
0.176033
0.0632395
0.0386408
0.129644
0.180325
0.111507
0.0656785
0.158231
0.0970179
0.027319
0.0605702
0.101631
0.18036
0.201884
0.0665952
0.113452
0.0730186
0.0358981
0.0737007
0.0620218
0.0787678
0.0651826
0.0619704
0.0477434
0.0379546
0.118619
0.186975
0.0765452
0.0781368
0.177941
0.109203
0.118742
0.167277
0.0965623
0.0273416
0.152827
0.0703707
0.19715
0.0878636
0.129125
0.0923944
0.0783967
0.208411
0.0476317
0.0288027
0.132171
0.0762886
0.0627645
0.202898
0.0922111
0.0732705
0.0559909
0.0637998
0.105161
0.0381427
0.161133
0.155165
0.115152
0.0612675
0.0269393
0.0503259
0.140135
0.163038
0.225469
0.115296
0.138283
0.145726
0.217809
0.0292735
0.109072
0.14462
0.0945012
0.179429
0.0831391
0.144488
0.0520559
0.160224
0.169794
0.0618437
0.190232
0.112732
0.0459878
0.220954
0.148513
0.141665
0.133852
0.182142
0.0896458
0.128712
0.104918
0.0885679
0.0924231
0.156595
0.123441
0.106178
0.0892104
0.131377
0.0799114
0.126719
0.107304
0.0487416
0.106408
0.0278262
0.0911249
0.188468
0.0618439
0.0641613
0.0773652
0.0947784
0.0322356
0.0648042
0.0397294
0.01931
0.180063
0.186125
0.181078
0.0565633
0.039721
0.0225225
0.0928043
0.119868
0.17496
0.165119
0.05428
0.253974
0.112586
0.0784927
0.118983
0.0748597
0.0313519
0.0792411
0.118042
0.0822489
0.0872197
0.0929518
0.0838076
0.0315435
0.123957
0.101294
0.0532332
0.0726141
0.159728
0.113624
0.0923791
0.0346738
0.0310314
0.153247
0.0943919
0.125164
0.0758168
0.084549
0.0862044
0.174803
0.109431
0.0677459
0.0665298
0.163133
0.0587751
0.0851315
0.125578
0.0854123
0.0469516
0.0734127
0.0962049
0.0761768
0.188995
0.0836065
0.100697
0.0791953
0.0830667
0.104233
0.201628
0.0450544
0.0955137
0.0982576
0.0816149
0.154122
0.20432
0.172847
0.112355
0.224404
0.125329
0.154605
0.224443
0.116528
0.152967
0.152297
0.0982174
0.170214
0.0833673
0.120825
0.0215499
0.048515
0.119109
0.1401
0.0873429
0.0730944
0.154191
0.180463
0.0662425
0.0670954
0.026441
0.0493438
0.0864626
0.0480047
0.129992
0.157672
0.107015
0.182957
0.302324
0.102606
0.0936342
0.0573671
0.0516403
0.0468638
0.183369
0.162817
0.14047
0.153483
0.0520786
0.0814166
0.0488753
0.11177
0.134875
0.0499938
0.156296
0.15494
0.100814
0.158145
0.152674
0.104213
0.147236
0.124503
0.0764012
0.0495935
0.168604
0.0832002
0.0139589
0.142862
0.124224
0.113934
0.126551
0.0834994
0.0981517
0.184978
0.178921
0.0994392
0.172584
0.09451
0.0419332
0.0640876
0.0754204
0.0637
0.0319209
0.142798
0.0638472
0.0608525
0.032801
0.136963
0.157282
0.132203
0.106884
0.172569
0.113926
0.110519
0.126506
0.144169
0.0943073
0.0473083
0.127129
0.141869
0.0481946
0.196337
0.091265
0.0882813
0.191109
0.120337
0.129576
0.177797
0.0912404
0.0910859
0.0795936
0.0642384
0.0821451
0.0602673
0.0650705
0.0275137
0.100882
0.160462
0.0556189
0.169016
0.0556483
0.0883091
0.223897
0.149085
0.0591014
0.0992724
0.0908034
0.117023
0.0543204
0.139339
0.0827648
0.217758
0.163793
0.0763399
0.114409
0.112196
0.110684
0.0844226
0.0541245
0.0858303
0.107878
0.0633555
0.0636349
0.072671
0.0553111
0.065725
0.152231
0.0670431
0.123281
0.110065
0.215281
0.0890673
0.0911396
0.10625
0.0764673
0.0774243
0.0726189
0.0838249
0.0867011
0.134922
0.163914
0.114467
0.0680924
0.251637
0.0597668
0.0663871
0.0600046
0.117619
0.11421
0.11778
0.140025
0.089639
0.0922155
0.162085
0.0849509
0.069945
0.0838976
0.0661814
0.143939
0.128911
0.0604707
0.0836638
0.00323653
0.126533
0.149504
0.156748
0.175546
0.0823495
0.11734
0.0878008
0.0832813
0.0672426
0.0848195
0.12083
0.067884
0.0249083
0.0886886
0.0391035
0.0745668
0.00559801
0.0439738
0.114329
0.153315
0.0846848
0.157162
0.114171
0.0791402
0.096901
0.0600096
0.0919906
0.0597996
0.0855037
0.0828062
0.0834842
0.0713117
0.0880696
0.0805234
0.152618
0.0681681
0.102698
0.0920883
0.0917603
0.0878585
0.175385
0.0811476
0.160131
0.0323856
0.104606
0.107224
0.169476
0.0399829
0.115164
0.0660771
0.0787581
0.0802514
0.0228452
0.123522
0.0897459
0.0822203
0.168952
0.107881
0.0231364
0.0633318
0.216302
0.15876
0.130955
0.0827417
0.15003
0.0665416
0.147734
0.0653115
0.00242614
0.125673
0.0341607
0.0578734
0.115625
0.0899478
0.0650827
0.0874927
0.0873449
0.104514
0.0716705
0.0588347
0.133403
0.133386
0.181804
0.1087
0.0482102
0.18864
0.172887
0.0826284
0.0566999
0.163765
0.0861557
0.0458379
0.146635
0.14475
0.0892209
0.0333615
0.0663643
0.0846299
0.111283
0.0825345
0.084239
0.110152
0.192262
0.0715565
0.0722977
0.0694115
0.00647041
0.0507341
0.0862484
0.102761
0.0891696
0.148575
0.0821669
0.11215
0.115042
0.165636
0.145115
0.165227
0.0352072
0.0921386
0.0793547
0.0797773
0.143448
0.0704891
0.0881985
0.0789446
0.0895621
0.161104
0.111995
0.105205
0.139812
0.141001
0.144435
0.0800935
0.154773
0.209291
0.127704
0.169976
0.19268
0.166938
0.116648
0.0370562
0.105907
0.195422
0.103424
0.0351718
0.103431
0.0895695
0.113081
0.170492
0.165578
0.14163
0.0435936
0.0878866
0.131668
0.067858
0.141777
0.0387895
0.0853955
0.143369
0.0412273
0.0332005
0.106523
0.102153
0.103227
0.0588376
0.125174
0.0952662
0.141032
0.1216
0.13742
0.13272
0.103395
0.197033
0.103673
0.144632
0.162341
0.0791014
0.0693761
0.110223
0.0857683
0.100376
0.0979589
0.105556
0.108307
0.071651
0.16087
0.145018
0.0706699
0.162908
0.152184
0.0638118
0.125643
0.0862161
0.0873696
0.124367
0.150226
0.0728932
0.176198
0.177528
0.053367
0.144768
0.152299
0.151705
0.149472
0.0988685
0.0359526
0.0763189
0.0547635
0.15125
0.185348
0.0724824
0.0632008
0.151479
0.0800729
0.173866
0.102142
0.0867199
0.0637821
0.027685
0.16727
0.106897
0.120728
0.174358
0.0732506
0.114366
0.0778035
0.0631888
0.0337478
0.0961437
0.145239
0.0352086
0.171362
0.162732
0.149837
0.108966
0.197631
0.160728
0.181777
0.0708649
0.123133
0.135857
0.161031
0.0761369
0.0655669
0.14958
0.0943764
0.0417163
0.0307431
0.125814
0.0827953
0.0921242
0.0784316
0.0492374
0.0593658
0.106427
0.0613402
0.0590164
0.0779446
0.0313282
0.0588987
0.162296
0.165954
0.0378461
0.169467
0.187695
0.172271
0.100888
0.086455
0.0299
0.0612397
0.152397
0.115719
0.0762627
0.0701219
0.179854
0.141242
0.136087
0.138477
0.0917163
0.0653345
0.0539873
0.117828
0.0677975
0.0527004
0.102981
0.0353222
0.102701
0.210068
0.139219
0.0370443
0.0746992
0.169129
0.100769
0.10024
0.146655
0.196838
0.0692057
0.188956
0.164492
0.154795
0.134818
0.063481
0.0323227
0.130083
0.156154
0.0966068
0.138817
0.150747
0.106522
0.104261
0.0592331
0.215066
0.185008
0.13442
0.198469
0.154649
0.0954073
0.117785
0.14937
0.136045
0.0682435
0.124665
0.150859
0.102642
0.0517224
0.0488755
0.0691196
0.168326
0.157657
0.11907
0.06576
0.161989
0.166371
0.0326006
0.160307
0.137411
0.104622
0.16838
0.105196
0.104889
0.12247
0.102635
0.13691
0.131686
0.103017
0.0996922
0.0787518
0.0889625
0.212062
0.0859197
0.0946026
0.0453235
0.0800948
0.1029
0.0840959
0.0938588
0.125265
0.118807
0.124844
0.0776019
0.219948
0.0996079
0.156716
0.0285251
0.180205
0.0286733
0.0639797
0.0174654
0.170233
0.0537371
0.0833308
0.0816938
0.0358249
0.0640608
0.152978
0.160829
0.117511
0.0773026
0.0539269
0.135868
0.0287512
0.190858
0.0876319
0.217206
0.120762
0.164685
0.128321
0.0981406
0.136096
0.0885879
0.158025
0.151968
0.130073
0.0525393
0.122544
0.0890938
0.133459
0.0867686
0.164106
0.0518032
0.121693
0.0654483
0.131297
0.0524505
0.0382956
0.139772
0.0914024
0.121559
0.0562417
0.202415
0.114895
0.0580721
0.0601996
0.122623
0.161629
0.131325
0.0614879
0.175316
0.0665386
0.123216
0.153957
0.163037
0.167382
0.11818
0.150613
0.084715
0.160279
0.151065
0.156349
0.118791
0.0610214
0.165482
0.119819
0.123396
0.0976455
0.205066
0.131558
0.0648674
0.0778381
0.00286281
0.156233
0.0481423
0.0807857
0.207642
0.137313
0.0908786
0.090989
0.085033
0.0839687
0.0639352
0.161063
0.182593
0.07078
0.202768
0.144083
0.085521
0.061879
0.0243438
0.20739
0.0352691
0.0604521
0.0534075
0.0851415
0.0231732
0.0923602
0.00312028
0.0535243
0.148809
0.0947375
0.174932
0.0895705
0.177669
0.119825
0.142906
0.0672667
0.167411
0.0897054
0.144091
0.140907
0.16164
0.187172
0.09858
0.0985617
0.081929
0.0543732
0.0506779
0.144044
0.10328
0.0496981
0.0898633
0.039158
0.0727984
0.0592464
0.07627
0.153902
0.16434
0.15476
0.119088
0.180169
0.106607
0.0858862
0.0835313
0.0663991
0.0949546
0.0796426
0.0246541
0.111735
0.0974516
0.0831115
0.086229
0.0843958
0.0963291
0.200711
0.0906431
0.0994165
0.0560289
0.0882291
0.0541362
0.0966418
0.125596
0.121165
0.0653728
0.0523166
0.0809308
0.203955
0.0381264
0.150654
0.142477
0.0692874
0.133788
0.0491228
0.150124
0.130005
0.117779
0.085407
0.0305273
0.175884
0.113496
0.139183
0.0312215
0.13793
0.031476
0.0694129
0.145929
0.0939636
0.0932797
0.138984
0.173169
0.137805
0.083163
0.0926076
0.0311778
0.0933219
0.11085
0.131649
0.0762097
0.0841707
0.0748488
0.0941545
0.0976321
0.116014
0.223867
0.18297
0.197682
0.143007
0.135615
0.0748508
0.0162497
0.0721118
0.12172
0.0535016
0.0551766
0.143265
0.0466943
0.0724279
0.15447
0.162307
0.0873205
0.0422669
0.109717
0.135256
0.0715833
0.205066
0.14153
0.0557635
0.127004
0.0437466
0.225012
0.155434
0.087409
0.105424
0.160543
0.0708067
0.22941
0.159412
0.164849
0.0859043
0.129162
0.192867
0.158516
0.125806
0.0692928
0.0716336
0.170629
0.233733
0.0603724
0.172022
0.109536
0.125022
0.0746316
0.126545
0.112941
0.138116
0.0664885
0.11828
0.201534
0.119386
0.118017
0.111289
0.200738
0.20936
0.0541293
0.104222
0.0950317
0.15342
0.154106
0.120549
0.0720667
0.0870444
0.136292
0.153545
0.112524
0.185071
0.167447
0.107438
0.0960582
0.0964002
0.14134
0.142121
0.116263
0.119044
0.0935344
0.119061
0.148493
0.0968778
0.118204
0.0437635
0.174035
0.0878292
0.0681361
0.0935366
0.150696
0.0103519
0.0766553
0.115808
0.0780696
0.124483
0.0540868
0.0412413
0.212876
0.12399
0.125093
0.128597
0.111692
0.030262
0.141791
0.103455
0.137438
0.124702
0.166892
0.0517595
0.141619
0.0976417
0.0331129
0.0888285
0.180514
0.0773215
0.0842232
0.135403
0.0696294
0.0800345
0.0838385
0.0321033
0.0286691
0.0854458
0.132487
0.166621
0.0658506
0.104688
0.166008
0.0345045
0.0756023
0.185108
0.0418107
0.124021
0.177979
0.0836378
0.0737072
0.0331036
0.127576
0.170059
0.139434
0.0365964
0.0865093
0.087477
0.141392
0.126968
0.0972451
0.181255
0.0554507
0.124934
0.0572573
0.122058
0.0730025
0.0929351
0.129464
0.0799077
0.0224696
0.0812186
0.13581
0.159676
0.0934977
0.0213832
0.140932
0.0380032
0.099984
0.0996981
0.0685315
0.0811286
0.171738
0.01338
0.0833349
0.151944
0.141973
0.079264
0.16845
0.111356
0.136338
0.0644645
0.133222
0.117216
0.0676993
0.120954
0.116089
0.151447
0.255559
0.191614
0.0839121
0.0691338
0.0834223
0.177666
0.068267
0.179577
0.0275632
0.108455
0.0718199
0.0651603
0.145567
0.23016
0.185914
0.0707342
0.127056
0.0705334
0.124828
0.129152
0.0867035
0.195845
0.0878206
0.0900351
0.085232
0.172691
0.0547099
0.0679265
0.113751
0.11555
0.0700721
0.0803274
0.0721646
0.161093
0.162956
0.140484
0.120288
0.118321
0.193511
0.092088
0.066454
0.0304372
0.062253
0.086585
0.0945736
0.0354418
0.143275
0.128589
0.0865394
0.149627
0.0957258
0.200297
0.0785461
0.0429367
0.0952115
0.147278
0.244547
0.0238853
0.202276
0.101086
0.0420923
0.168585
0.143802
0.0271134
0.0552672
0.0341912
0.1745
0.0810173
0.0894044
0.0641991
0.0619034
0.0673061
0.0811036
0.0819407
0.1145
0.080315
0.0912432
0.089391
0.149403
0.0908003
0.0662775
0.027173
0.173231
0.0660124
0.0955603
0.125595
0.105739
0.196737
0.0506984
0.100941
0.152915
0.0814606
0.0832504
0.116312
0.0631534
0.0773274
0.0810568
0.069153
0.172226
0.104786
0.0939068
0.338516
0.0851237
0.143406
0.0654487
0.0549974
0.115482
0.135574
0.0221451
0.176
0.0782231
0.0215897
0.0856308
0.0861216
0.153497
0.0812663
0.0678335
0.229004
0.120329
0.0767338
0.116307
0.0815311
0.0371511
0.103093
0.123959
0.172257
0.0704335
0.0696056
0.100525
0.0764689
0.0921165
0.0721051
0.214536
0.18569
0.0783526
0.120387
0.112807
0.130411
0.180879
0.149638
0.0592341
0.0260778
0.136436
0.08283
0.070988
0.0672845
0.0701005
0.103029
0.0484431
0.0824371
0.0792972
0.135984
0.0792367
0.088867
0.0266534
0.0797603
0.0579373
0.168631
0.115669
0.0943569
0.267161
0.111664
0.15006
0.177536
0.0657356
0.137551
0.0259018
0.0589063
0.168466
0.1538
0.0380799
0.052058
0.0728903
0.061187
0.0662387
0.0807893
0.0802417
0.0905632
0.103905
0.188757
0.0867918
0.0964734
0.13997
0.107657
0.0798264
0.0431609
0.0942697
0.0727682
0.158911
0.107188
0.193419
0.165843
0.0986059
0.0996089
0.0176174
0.131235
0.056713
0.0639739
0.0974911
0.111706
0.0590733
0.0723172
0.0696933
0.0862965
0.0325515
0.138088
0.122591
0.138185
0.0688
0.069097
0.0381399
0.0947375
0.120608
0.174258
0.0753374
0.185858
0.0605034
0.174298
0.116535
0.0563132
0.153312
0.119424
0.0800642
0.111617
0.130602
0.145202
0.102043
0.166792
0.0461174
0.135128
0.04228
0.0663384
0.0332358
0.0794091
0.134287
0.0540966
0.0803631
0.0641757
0.155539
0.116525
0.138545
0.0859919
0.0322737
0.0985126
0.15111
0.0994064
0.15209
0.148795
0.155813
0.154291
0.0409944
0.0600175
0.0703098
0.0990472
0.133249
0.0842729
0.0764217
0.0560824
0.084636
0.150372
0.141572
0.0792273
0.0859478
0.160197
0.0978275
0.0233313
0.159216
0.103219
0.0783759
0.119057
0.0814105
0.0941481
0.0956492
0.0513861
0.051376
0.0839272
0.15176
0.111782
0.0671955
0.11128
0.180422
0.0584286
0.114818
0.0873171
0.0550133
0.0350594
0.0579694
0.129336
0.0721861
0.0743584
0.117737
0.225245
0.117954
0.207597
0.0848278
0.0533022
0.106625
0.116498
0.0902086
0.140576
0.175535
0.126295
0.0323744
0.154531
0.145471
0.106599
0.0827502
0.0258919
0.120386
0.0563562
0.0874842
0.157363
0.0872728
0.0886856
0.0648773
0.0229445
0.133501
0.0854812
0.104837
0.237289
0.0343968
0.0779038
0.0887072
0.25411
0.0553431
0.083812
0.0569077
0.0527762
0.113367
0.114388
0.153082
0.0599991
0.0932446
0.0849978
0.114759
0.112879
0.114494
0.112067
0.161517
0.0566771
0.0869428
0.106587
0.109707
0.116207
0.0198678
0.0682329
0.115247
0.133145
0.0853431
0.0870036
0.165562
0.119655
0.171648
0.109739
0.144819
0.15923
0.113713
0.111318
0.113543
0.0256407
0.0833975
0.119236
0.106429
0.0787069
0.0969141
0.0809935
0.0522314
0.107847
0.0959471
0.0361819
0.0740081
0.10318
0.103188
0.0641302
0.0509756
0.126997
0.143727
0.0630891
0.0730454
0.0865987
0.104869
0.0908015
0.202557
0.114462
0.100307
0.0440989
0.100511
0.193474
0.0679178
0.084696
0.119053
0.137603
0.192577
0.185793
0.207906
0.125811
0.0878702
0.0950824
0.15517
0.0330532
0.133526
0.0864586
0.111368
0.0818801
0.0940979
0.0876029
0.0336931
0.0694553
0.0450109
0.0888508
0.0857756
0.110098
0.142665
0.101348
0.114247
0.0950977
0.0690891
0.0300237
0.091997
0.0810105
0.174434
0.16267
0.11476
0.134965
0.08005
0.196228
0.0832435
0.1187
0.203664
0.182397
0.135654
0.199507
0.0813961
0.0687276
0.142293
0.106944
0.0661739
0.118449
0.124976
0.118032
0.0564125
0.093073
0.180208
0.0670781
0.0600923
0.111547
0.0568633
0.162579
0.130386
0.0550636
0.127136
0.084399
0.272263
0.0630757
0.130155
0.0600189
0.1186
0.117041
0.0660711
0.106968
0.0967949
0.042742
0.0921684
0.0932915
0.144709
0.102829
0.105361
0.0636412
0.214505
0.0883454
0.167761
0.0341425
0.0855376
0.101259
0.204692
0.0697872
0.0861438
0.241682
0.0707183
0.0305108
0.219848
0.155009
0.087735
0.0553298
0.086606
0.141678
0.0336815
0.0887172
0.0886454
0.112442
0.0862152
0.0631008
0.0675015
0.112906
0.0558891
0.114623
0.245424
0.0631355
0.177417
0.0756392
0.0357828
0.0694332
0.0695501
0.0899502
0.138121
0.172222
0.0565619
0.13669
0.0654768
0.0706307
0.100321
0.0333436
0.0694714
0.0707465
0.0471241
0.0273529
0.0271441
0.0547009
0.12469
0.0393309
0.136474
0.0334215
0.0424921
0.0941084
0.0214264
0.0685558
0.178628
0.068458
0.0829856
0.131543
0.0883119
0.199105
0.0792336
0.122777
0.0858981
0.116618
0.144089
0.113273
0.0895513
0.076352
0.0637887
0.0446888
0.0959128
0.0940103
0.0658371
0.161773
0.0471936
0.0648603
0.154254
0.143338
0.0167624
0.106835
0.150033
0.0977582
0.086063
0.0859626
0.0893246
0.169205
0.0222644
0.1226
0.0380111
0.177914
0.0926948
0.0713384
0.0646405
0.0715474
0.123732
0.131396
0.0750659
0.082905
0.0267238
0.0998539
0.0893134
0.117428
0.114889
0.121446
0.125335
0.0268649
0.132377
0.103384
0.0903826
0.0908721
0.0769715
0.167994
0.181946
0.125827
0.0861958
0.110058
0.149772
0.126274
0.0674083
0.165215
0.103804
0.13865
0.0906198
0.104669
0.152441
0.180989
0.0995947
0.144417
0.19989
0.154295
0.0445331
0.032579
0.118635
0.228925
0.0432711
0.0148914
0.077245
0.10424
0.0387363
0.0456026
0.126994
0.0614046
0.0838042
0.0693268
0.132002
0.0828161
0.181478
0.0586356
0.0581152
0.14616
0.182357
0.0636048
0.126343
0.0609689
0.126933
0.161672
0.109233
0.0929549
0.140087
0.140858
0.169193
0.125991
0.0442325
0.0146461
0.121664
0.110207
0.0762056
0.146517
0.174185
0.109368
0.0445261
0.1489
0.119095
0.153282
0.0680912
0.122006
0.118038
0.161675
0.0580162
0.144309
0.0778457
0.15501
0.0598101
0.222675
0.0855756
0.114886
0.167477
0.119787
0.101107
0.106578
0.12935
0.186473
0.0667991
0.0922978
0.0445512
0.0832299
0.243011
0.108265
0.177692
0.047971
0.181518
0.0809113
0.111007
0.22331
0.111842
0.153489
0.0217139
0.0859839
0.0706781
0.0444384
0.215847
0.0358126
0.0626085
0.149548
0.112665
0.057986
0.190407
0.0840553
0.0983779
0.0632585
0.134729
0.109336
0.11129
0.126827
0.0378407
0.123748
0.0896395
0.127794
0.0249193
0.15353
0.0609434
0.0505547
0.155609
0.0410075
0.106819
0.118631
0.0591071
0.0653843
0.166961
0.0968262
0.0208333
0.0946673
0.0439435
0.142977
0.0505689
0.127944
0.0944257
0.185745
0.110805
0.125868
0.101845
0.137563
0.146938
0.0521245
0.0207151
0.0373981
0.148526
0.145386
0.168591
0.0271693
0.0293381
0.020904
0.103335
0.0642264
0.111261
0.100467
0.0897064
0.0937993
0.105492
0.0536123
0.0599057
0.0801023
0.0696857
0.0954238
0.142455
0.116668
0.184948
0.0520239
0.1253
0.0384493
0.10785
0.0528037
0.114613
0.0538951
0.0984565
0.163938
0.120779
0.126502
0.201736
0.0800251
0.16842
0.0650094
0.176069
0.131264
0.197896
0.131585
0.20703
0.0506889
0.0595831
0.133191
0.121909
0.14588
0.0745801
0.112521
0.18947
0.144899
0.113683
0.0827993
0.0950354
0.0953551
0.128135
0.114709
0.199873
0.111435
0.0506897
0.151514
0.11644
0.138822
0.193182
0.259968
0.197966
0.0209951
0.116367
0.0790148
0.153811
0.0835861
0.0364519
0.0291055
0.134542
0.083802
0.136689
0.131179
0.171471
0.177704
0.169126
0.00644599
0.0942853
0.0895372
0.0382067
0.0983225
0.0493646
0.00277657
0.132675
0.0487692
0.0307408
0.121949
0.201714
0.240606
0.0845977
0.135341
0.161117
0.0491175
0.155159
0.151105
0.102785
0.11707
0.0397376
0.180499
0.0445998
0.133269
0.208432
0.137692
0.157636
0.0437996
0.218709
0.120485
0.170534
0.175602
0.130731
0.0636862
0.0864187
0.0439574
0.0452307
0.13555
0.167486
0.0926673
0.0730925
0.0367845
0.197819
0.120888
0.129028
0.144378
0.135601
0.227132
0.107883
0.133213
0.121495
0.0773376
0.103755
0.0775015
0.192203
0.061714
0.128951
0.104937
0.0673105
0.146152
0.226774
0.130822
0.0500184
0.120157
0.0745635
0.143168
0.123623
0.132187
0.170634
0.168585
0.0353858
0.062918
0.132077
0.129848
0.0947929
0.116553
0.0758674
0.114468
0.0802318
0.123973
0.116152
0.0658106
0.113202
0.184314
0.170729
0.17217
0.118587
0.222597
0.172693
0.160254
0.150368
0.0420199
0.173563
0.0349978
0.0715897
0.18182
0.1369
0.103334
0.18335
0.0757036
0.0754521
0.0600251
0.0915949
0.0617064
0.0249083
0.0861045
0.184463
0.0750594
0.0425226
0.0354249
0.0716638
0.0884487
0.115384
0.0960686
0.0988036
0.11763
0.0555373
0.126374
0.0979737
0.0617315
0.0452777
0.0938883
0.0413072
0.165904
0.125409
0.21322
0.100216
0.128976
0.0387155
0.0546921
0.0335844
0.121425
0.06301
0.133417
0.0838502
0.0954539
0.176538
0.0404503
0.132392
0.159585
0.0639699
0.201842
0.0620144
0.213101
0.114898
0.0319961
0.0918086
0.0973635
0.14528
0.0468692
0.059659
0.119206
0.0247725
0.142173
0.0596076
0.118463
0.0743574
0.160704
0.0452069
0.0488548
0.0657559
0.0996902
0.118069
0.109905
0.0935643
0.0747021
0.175367
0.023473
0.0588985
0.0613364
0.0799277
0.202483
0.0628112
0.0588754
0.185581
0.0218911
0.0951888
0.20287
0.174515
0.0701948
0.0873652
0.17052
0.111802
0.0905601
0.10358
0.138405
0.126525
0.0771743
0.102855
0.128084
0.0380613
0.1382
0.072288
0.1047
0.0568685
0.0291479
0.13227
0.131519
0.0106162
0.0602609
0.0232096
0.166442
0.0843936
0.0848267
0.12114
0.0632369
0.125929
0.0745889
0.0842144
0.162768
0.0252227
0.0257923
0.138606
0.185635
0.0631946
0.0729166
0.0220502
0.0374156
0.0625392
0.133649
0.0607297
0.0654234
0.163391
0.0882923
0.170084
0.110226
0.176665
0.0241678
0.0281544
0.0611692
0.0526695
0.0426656
0.0953054
0.0554155
0.0611983
0.0618969
0.113591
0.150844
0.0748411
0.0440719
0.153537
0.0761301
0.179663
0.114107
0.192404
0.213151
0.110154
0.0602077
0.0228808
0.0161709
0.102298
0.0502172
0.0368981
0.0330885
0.223415
0.178701
0.133072
0.0532145
0.0520133
0.0832504
0.160375
0.0522984
0.141016
0.0779058
0.0706634
0.227211
0.0370114
0.226269
0.160866
0.127939
0.10613
0.15751
0.0701597
0.169013
0.0798196
0.0736997
0.154102
0.159097
0.118342
0.0359889
0.112291
0.206208
0.085499
0.209382
0.0632877
0.122316
0.0384617
0.174576
0.0996566
0.0228767
0.163088
0.105993
0.181445
0.237104
0.205153
0.138457
0.119922
0.14005
0.139681
0.162877
0.0779251
0.163522
0.10123
0.100519
0.104176
0.0354367
0.0736309
0.123825
0.0305996
0.155852
0.165152
0.0838039
0.247337
0.0280971
0.15906
0.0608735
0.230929
0.172447
0.216533
0.105056
0.0981893
0.0407935
0.106422
0.105204
0.107256
0.145358
0.120812
0.0728886
0.132367
0.126397
0.223195
0.098127
0.0174057
0.137784
0.0932094
0.0540428
0.016108
0.0847419
0.0362354
0.16803
0.0609976
0.0858193
0.22555
0.119636
0.175044
0.160451
0.039581
0.102413
0.0808273
0.0220538
0.0319379
0.104048
0.149621
0.0869227
0.222585
0.101247
0.266752
0.144002
0.0340672
0.0789769
0.22183
0.114104
0.0733333
0.155443
0.137071
0.0459972
0.0541869
0.10232
0.0890639
0.182264
0.193986
0.0162047
0.10278
0.01504
0.0719052
0.124223
0.139848
0.022597
0.100551
0.0550269
0.0540051
0.17084
0.0618005
0.178613
0.115875
0.232852
0.108695
0.10299
0.159149
0.230652
0.165923
0.176231
0.0163215
0.160868
0.130337
0.0769207
0.0893272
0.109547
0.164678
0.107727
0.177218
0.0720962
0.163374
0.199886
0.0237034
0.0581169
0.202398
0.0789189
0.0452514
0.0515046
0.169349
0.0759407
0.0996502
0.0231978
0.0623694
0.0614858
0.173877
0.171862
0.0514479
0.0812334
0.0719214
0.164608
0.113972
0.0609854
0.116689
0.105293
0.166613
0.0968287
0.0684523
0.108081
0.13916
0.0487227
0.19629
0.14241
0.174613
0.0629657
0.141857
0.0684897
0.16089
0.0537916
0.107909
0.0214328
0.0732153
0.106017
0.154012
0.0664667
0.137442
0.101857
0.135609
0.129769
0.17372
0.136809
0.080618
0.120007
0.0501464
0.111224
0.0315333
0.157545
0.10073
0.123879
0.0607839
0.111175
0.216024
0.0225218
0.0845004
0.150422
0.149771
0.197628
0.0370116
0.150117
0.134782
0.22553
0.0595928
0.111354
0.0887958
0.120959
0.123871
0.118386
0.123123
0.0617979
0.163193
0.142697
0.0601569
0.204539
0.0695568
0.141153
0.0342814
0.0724701
0.0335541
0.258501
0.0354171
0.127467
0.0438674
0.187367
0.0805582
0.147717
0.049615
0.0987787
0.197508
0.0351168
0.0348504
0.140558
0.130272
0.0641955
0.205278
0.0252868
0.0254837
0.0768415
0.0926189
0.0804448
0.128131
0.128542
0.0764498
0.0967314
0.05128
0.0647597
0.108338
0.123289
0.0354193
0.193972
0.0833763
0.18765
0.0628563
0.13741
0.125699
0.0883035
0.138512
0.0438937
0.109995
0.0830587
0.0275079
0.18251
0.0348046
0.101003
0.117621
0.0827236
0.0504683
0.0966301
0.153771
0.113252
0.035664
0.0739255
0.031823
0.175799
0.136371
0.136173
0.140972
0.0203665
0.0684864
0.052
0.134678
0.130879
0.190201
0.117508
0.0404245
0.0720299
0.0466327
0.118814
0.0650854
0.128349
0.181386
0.160911
0.114694
0.0606521
0.0764653
0.0610908
0.0267677
0.0455612
0.187716
0.0474704
0.0019304
0.0758979
0.120935
0.119659
0.0465531
0.146624
0.106973
0.0776174
0.164367
0.165579
0.0842539
0.0264187
0.0538608
0.158259
0.0769159
0.192354
0.0170713
0.0629
0.149407
0.0989975
0.148648
0.0331917
0.0270402
0.0613997
0.0766154
0.028764
0.13415
0.132584
0.0749409
0.136992
0.115212
0.206494
0.068064
0.097713
0.0727656
0.0468857
0.151544
0.071784
0.166479
0.110547
0.155125
0.108013
0.027373
0.228882
0.123395
0.0717751
0.0592045
0.103483
0.147256
0.131936
0.0320272
0.0885424
0.294948
0.0477401
0.103379
0.164615
0.065385
0.0652207
0.146884
0.141335
0.0357455
0.0368239
0.106829
0.0407671
0.144928
0.0689413
0.162568
0.109185
0.0371852
0.072706
0.0520703
0.0251576
0.104396
0.106131
0.15656
0.0873914
0.0287619
0.109007
0.160299
0.244284
0.102344
0.109976
0.204573
0.160329
0.0389213
0.0691679
0.117434
0.167235
0.175986
0.115874
0.109124
0.196864
0.236267
0.0691716
0.0145085
0.114282
0.173247
0.155565
0.138619
0.0129254
0.137926
0.175331
0.0762744
0.0567725
0.0445319
0.0533749
0.124622
0.0669764
0.0609148
0.0819733
0.107767
0.0346771
0.146136
0.0772801
0.143544
0.138801
0.135788
0.0774856
0.10989
0.138827
0.121543
0.175693
0.14338
0.0784059
0.117289
0.21711
0.0409536
0.108968
0.0639704
0.189523
0.0708647
0.059847
0.0641355
0.0520436
0.158619
0.284036
0.0606748
0.10988
0.0339282
0.0713551
0.162481
0.0867222
0.0149909
0.111913
0.0870288
0.0870147
0.0712385
0.0567273
0.0686748
0.110413
0.157359
0.063569
0.162608
0.0952578
0.0721285
0.122125
0.0780939
0.0776901
0.0532302
0.0725767
0.175925
0.149769
0.111153
0.0895354
0.171986
0.0307285
0.114423
0.160715
0.141788
0.086317
0.131596
0.157854
0.113427
0.0305716
0.082442
0.0739958
0.113258
0.116811
0.133284
0.139978
0.052567
0.0857942
0.15543
0.157591
0.161637
0.0302405
0.146395
0.0711287
0.0913494
0.0793708
0.0606887
0.120858
0.1611
0.139639
0.0699848
0.0758125
0.0721854
0.0744064
0.132769
0.140817
0.176385
0.0530582
0.137195
0.0879402
0.0827278
0.155652
0.0693562
0.22097
0.164252
0.264623
0.118189
0.0731467
0.232611
0.0858732
0.140406
0.0521631
0.138909
0.0911975
0.134267
0.165409
0.0317128
0.0620667
0.135108
0.119589
0.137225
0.0869828
0.0628907
0.0918344
0.0955506
0.0639682
0.0672402
0.0630461
0.0657629
0.0572414
0.136122
0.0671237
0.106686
0.0757537
0.0626921
0.102979
0.0915654
0.0749687
0.0580721
0.136607
0.135288
0.158205
0.062815
0.163347
0.137876
0.135976
0.0383596
0.0626422
0.0524231
0.0695263
0.157084
0.136491
0.11451
0.0625017
0.0877611
0.133325
0.108202
0.062355
0.204028
0.112989
0.120641
0.0717081
0.0722777
0.0747067
0.0990101
0.0927034
0.1482
0.124524
0.118383
0.18067
0.0413034
0.131062
0.0879793
0.102727
0.0527322
0.179173
0.13138
0.0676469
0.176106
0.104354
0.119414
0.164486
0.0895905
0.0897853
0.151746
0.170272
0.160765
0.187128
0.0738074
0.0332115
0.0692031
0.0716924
0.0751324
0.0338884
0.185966
0.0340865
0.115945
0.176651
0.216317
0.191658
0.163501
0.121098
0.123847
0.089024
0.107153
0.175308
0.181454
0.0550243
0.128209
0.0336881
0.137243
0.147135
0.12757
0.148744
0.159676
0.107863
0.0869787
0.0450344
0.0876151
0.0900852
0.0837102
0.0699248
0.213885
0.159072
0.181763
0.210075
0.0490888
0.086604
0.158944
0.129867
0.171751
0.0782973
0.176979
0.177585
0.116142
0.188633
0.117223
0.130522
0.0239903
0.044437
0.138632
0.0346235
0.165858
0.0509701
0.0452044
0.104112
0.136264
0.0495975
0.0905607
0.128395
0.196338
0.128022
0.100143
0.050178
0.052794
0.0872813
0.142548
0.121529
0.0365379
0.0361161
0.0814525
0.130095
0.0439902
0.134565
0.135163
0.0444577
0.170432
0.0403448
0.0880654
0.0905006
0.124415
0.0454582
0.200522
0.0354323
0.0351883
0.0730925
0.154887
0.131709
0.237685
0.126709
0.0437733
0.0605148
0.0342393
0.117625
0.0380267
0.172179
0.130135
0.160107
0.230939
0.238996
0.142127
0.132236
0.142559
0.0401922
0.123536
0.169491
0.196401
0.169849
0.0916555
0.0965427
0.111928
0.0596238
0.133118
0.140895
0.100824
0.0452069
0.101511
0.133335
0.134859
0.0391051
0.0548103
0.117479
0.115834
0.129578
0.0457792
0.126159
0.0300397
0.0896442
0.115664
0.0498692
0.0525871
0.193
0.115514
0.156856
0.0944916
0.13436
0.135907
0.132469
0.0896984
0.0942727
0.198987
0.0308761
0.0959276
0.0303044
0.137564
0.206671
0.092798
0.0916974
0.201535
0.132556
0.0334526
0.0433401
0.0339272
0.0776397
0.190472
0.108695
0.0340349
0.108839
0.143528
0.0665212
0.120191
0.152397
0.184777
0.135525
0.189702
0.0445204
0.182878
0.107517
0.0514819
0.157817
0.118275
0.116412
0.0779188
0.0856618
0.0530016
0.0327534
0.156669
0.183483
0.0879769
0.0804059
0.0321843
0.117753
0.15029
0.0292886
0.126786
0.156672
0.0858969
0.0490992
0.0902189
0.200861
0.230674
0.0515989
0.189004
0.198454
0.0516415
0.183085
0.176453
0.143322
0.0510167
0.0660342
0.105167
0.131837
0.0596131
0.0992214
0.134329
0.0935893
0.0236109
0.163139
0.045929
0.0461771
0.0722359
0.152424
0.0518747
0.129909
0.0589035
0.0808258
0.0714464
0.161247
0.135492
0.214835
0.186554
0.157935
0.0599183
0.0585885
0.134618
0.093119
0.148034
0.0229054
0.13816
0.20617
0.15362
0.089667
0.148601
0.170029
0.0798638
0.132769
0.141709
0.166679
0.0360824
0.0692836
0.105934
0.0629813
0.0267453
0.0290379
0.0809041
0.152558
0.159881
0.134084
0.215859
0.0344505
0.0446102
0.0464296
0.0449814
0.119872
0.106499
0.0728206
0.213904
0.164084
0.0717163
0.023929
0.128534
0.0815012
0.133314
0.135939
0.107248
0.0768979
0.0807329
0.0457573
0.137946
0.106101
0.144022
0.254047
0.1136
0.0495227
0.109693
0.112429
0.131904
0.160652
0.101759
0.0878267
0.15703
0.111304
0.132413
0.196778
0.163498
0.14049
0.18496
0.151538
0.1058
0.201274
0.115857
0.0750572
0.0699799
0.168602
0.0970073
0.0502954
0.185977
0.0278959
0.169198
0.105248
0.0289007
0.0802534
0.179888
0.140806
0.101709
0.0297574
0.0276068
0.127032
0.0806258
0.0622057
0.0900314
0.0680278
0.137893
0.10464
0.100024
0.171627
0.0499169
0.0487135
0.0918474
0.0993559
0.143771
0.0485039
0.20025
0.100702
0.0730867
0.0994022
0.17551
0.0505758
0.0576628
0.0721395
0.105665
0.0303202
0.134735
0.139877
0.100348
0.180132
0.092941
0.0475862
0.0532822
0.105863
0.183843
0.173074
0.103174
0.131818
0.0278324
0.0479331
0.0801751
0.0444473
0.0329819
0.129246
0.209144
0.0692108
0.117567
0.0631759
0.038513
0.171148
0.133288
0.195086
0.194036
0.126666
0.159438
0.13873
0.0918568
0.139324
0.0508605
0.0618406
0.0724549
0.0221619
0.14779
0.0780881
0.13655
0.0716394
0.0629892
0.0970618
0.105825
0.114703
0.0960346
0.0489935
0.105687
0.0454876
0.176006
0.163832
0.0546492
0.0551747
0.195206
0.0552062
0.141148
0.101725
0.0287885
0.1016
0.120431
0.179941
0.236705
0.149649
0.181305
0.122737
0.0612977
0.182827
0.10864
0.251485
0.170211
0.0907856
0.0557058
0.0573778
0.0862132
0.141924
0.176552
0.15249
0.106093
0.0514363
0.133326
0.015508
0.0997997
0.0914078
0.0617119
0.0386183
0.101181
0.0212213
0.0758064
0.180518
0.137468
0.0958985
0.0904635
0.0211981
0.191902
0.0832302
0.124991
0.0688189
0.0718071
0.108266
0.0872816
0.105401
0.0660709
0.0897081
0.0893696
0.0255003
0.0829669
0.121079
0.126543
0.0615035
0.0249177
0.193665
0.0973828
0.137717
0.19309
0.0972659
0.155343
0.164831
0.0744296
0.151725
0.0884296
0.0912866
0.118576
0.20641
0.161418
0.184797
0.0456216
0.1798
0.0617876
0.166528
0.0748602
0.0251162
0.129554
0.138691
0.0379441
0.139513
0.0374044
0.128482
0.156883
0.101857
0.274635
0.280081
0.13354
0.0604733
0.12193
0.0997545
0.173634
0.0620247
0.120812
0.028406
0.232929
0.124756
0.14627
0.110393
0.0827492
0.0335825
0.08795
0.195884
0.187325
0.0728358
0.0990447
0.09793
0.0917436
0.152099
0.15404
0.0988285
0.0585302
0.0778137
0.0357122
0.120666
0.0715717
0.214567
0.114371
0.107299
0.0848658
0.106513
0.132987
0.0961541
0.177775
0.022786
0.0178472
0.130435
0.138798
0.134142
0.0765234
0.0996828
0.133511
0.0965175
0.126323
0.121721
0.07529
0.110468
0.112864
0.112888
0.0878043
0.216138
0.118901
0.0552596
0.0989604
0.0858523
0.131417
0.0882405
0.0963451
0.0875488
0.0521586
0.114243
0.183147
0.0915585
0.060248
0.0505243
0.0696011
0.122044
0.12638
0.107757
0.0713402
0.0208792
0.146726
0.228955
0.176203
0.013215
0.0172465
0.0757483
0.0912024
0.0822405
0.138794
0.154611
0.112817
0.11397
0.0927322
0.151998
0.0702737
0.0950913
0.11367
0.114016
0.157874
0.13887
0.120898
0.0893142
0.0515907
0.0375215
0.160999
0.0386506
0.219603
0.0974808
0.157686
0.0638474
0.202121
0.113589
0.149236
0.0496403
0.0957416
0.0511327
0.0485935
0.0992867
0.0361576
0.0506221
0.183064
0.0274647
0.0828693
0.066643
0.0928329
0.0946509
0.161434
0.103672
0.148244
0.172786
0.0946693
0.0516179
0.085706
0.0211667
0.0819195
0.0881582
0.0872371
0.067286
0.128333
0.148576
0.147439
0.0838734
0.0223058
0.0847273
0.123053
0.138034
0.126321
0.06803
0.0387081
0.176115
0.0552658
0.0500059
0.0696306
0.253714
0.0749676
0.0844682
0.0946307
0.113951
0.184243
0.111646
0.185668
0.192218
0.191653
0.0180658
0.0384965
0.0547877
0.198578
0.150834
0.0344588
0.149752
0.172203
0.12915
0.149534
0.167194
0.0958111
0.197186
0.201574
0.127383
0.115673
0.196397
0.0840701
0.105922
0.148577
0.120254
0.195054
0.0669882
0.0728729
0.0508241
0.207276
0.052603
0.144939
0.0815053
0.0841921
0.0489098
0.114341
0.196502
0.0963922
0.179375
0.181598
0.123335
0.162482
0.115458
0.106789
0.202024
0.0831456
0.0787202
0.105692
0.0854834
0.0805524
0.0517223
0.190706
0.228366
0.0792382
0.0543602
0.134011
0.029827
0.115215
0.125712
0.207635
0.142967
0.0800642
0.14408
0.142372
0.133585
0.0639599
0.115814
0.172448
0.0900547
0.0879118
0.0633861
0.0672233
0.134079
0.0208698
0.0589033
0.122732
0.160304
0.0245122
0.238975
0.145634
0.0378895
0.0390031
0.167089
0.214631
0.131403
0.0752441
0.206567
0.138798
0.040088
0.113164
0.112454
0.172418
0.193666
0.133995
0.115446
0.0420714
0.0846906
0.0211752
0.079589
0.111764
0.14913
0.0826633
0.0908408
0.152603
0.0816556
0.112704
0.117486
0.117703
0.19839
0.0362233
0.114682
0.0780161
0.142705
0.0403593
0.0426351
0.0211724
0.161404
0.175559
0.14184
0.198544
0.0945805
0.0687574
0.133509
0.0612763
0.0792798
0.0466413
0.207947
0.22159
0.0798104
0.187585
0.15024
0.141239
0.180025
0.0654215
0.157781
0.108675
0.130235
0.0661414
0.0458892
0.158122
0.150894
0.0534639
0.103443
0.0660646
0.112633
0.0249793
0.0776414
0.142687
0.113582
0.147753
0.224541
0.144999
0.189424
0.175861
0.112874
0.0241497
0.0745712
0.194972
0.111256
0.0560866
0.186199
0.159459
0.0637624
0.120166
0.107263
0.165909
0.0481572
0.0646146
0.0706906
0.0577729
0.162631
0.0692081
0.17127
0.0655186
0.192493
0.113733
0.167987
0.197961
0.0965358
0.0994064
0.150469
0.117914
0.111902
0.161167
0.156006
0.15871
0.0788275
0.122223
0.114087
0.13559
0.0419704
0.0259426
0.165656
0.161598
0.163373
0.113243
0.117199
0.113386
0.187231
0.0767725
0.154587
0.131788
0.114869
0.129348
0.128934
0.134603
0.168911
0.183849
0.13969
0.178472
0.0561149
0.166177
0.10794
0.0653017
0.133017
0.0553849
0.230402
0.133154
0.131346
0.109692
0.124679
0.112912
0.114123
0.0266918
0.0266724
0.110559
0.19373
0.124404
0.0275043
0.110441
0.0956803
0.0181589
0.046393
0.107369
0.00342925
0.0556277
0.131332
0.0975067
0.0945271
0.100725
0.0708799
0.111897
0.0892106
0.106406
0.076912
0.240948
0.148709
0.147944
0.146402
0.129942
0.116777
0.188225
0.144159
0.163727
0.0797665
0.10797
0.0669313
0.110656
0.207737
0.160997
0.14664
0.101484
0.166964
0.112793
0.0832419
0.0784716
0.0672142
0.068192
0.096876
0.0299509
0.0948454
0.06707
0.100162
0.0960282
0.0951849
0.0928547
0.187044
0.0699482
0.15031
0.192198
0.0999944
0.1787
0.178966
0.15202
0.0295867
0.099327
0.0280421
0.0744188
0.0478713
0.153536
0.129278
0.0983584
0.196285
0.128295
0.14907
0.123914
0.0872014
0.0869408
0.106925
0.107183
0.177662
0.138006
0.111087
0.156444
0.124643
0.0641206
0.0973305
0.152867
0.0627255
0.123514
0.225067
0.209384
0.147823
0.122532
0.0477007
0.1458
0.155195
0.0676638
0.024785
0.0668982
0.0529339
0.0237269
0.0503564
0.154734
0.129426
0.138636
0.138531
0.0487211
0.0552264
0.176424
0.171143
0.142274
0.179462
0.0885519
0.0496022
0.0323148
0.0523308
0.0800882
0.0304031
0.132022
0.197566
0.137289
0.088354
0.157004
0.183699
0.0878421
0.105882
0.0254509
0.206586
0.0569756
0.129114
0.087815
0.0881016
0.171262
0.159403
0.0836536
0.0909097
0.10616
0.0908773
0.0867069
0.0457876
0.0436105
0.0883385
0.0709779
0.0827073
0.154968
0.168842
0.0830853
0.0818356
0.104373
0.168713
0.128082
0.201757
0.155096
0.0839053
0.17647
0.0393498
0.0634662
0.152135
0.167072
0.0327452
0.107292
0.0774451
0.0886304
0.0868076
0.0338547
0.10361
0.123012
0.184017
0.0844436
0.171278
0.150242
0.0946122
0.116299
0.137055
0.106397
0.0652607
0.162139
0.185706
0.11747
0.072269
0.187089
0.0312883
